Flow: (1, 2) and Tunnel: [(1, 2, 1)]
Flow: (1, 2) and Tunnel: [(1, 4, 1), (4, 2, 1)]
Flow: (1, 2) and Tunnel: [(1, 5, 1), (5, 2, 1)]
Flow: (1, 2) and Tunnel: [(1, 4, 1), (4, 11, 1), (11, 2, 1)]
Flow: (1, 2) and Tunnel: [(1, 5, 1), (5, 8, 1), (8, 2, 1)]
Flow: (1, 2) and Tunnel: [(1, 4, 1), (4, 11, 1), (11, 9, 1), (9, 2, 1)]
Flow: (1, 2) and Tunnel: [(1, 5, 1), (5, 8, 1), (8, 12, 1), (12, 2, 1)]
Flow: (1, 2) and Tunnel: [(1, 4, 1), (4, 11, 1), (11, 9, 1), (9, 12, 1), (12, 2, 1)]
Flow: (1, 3) and Tunnel: [(1, 2, 1), (2, 3, 1)]
Flow: (1, 3) and Tunnel: [(1, 2, 1), (2, 11, 1), (11, 3, 1)]
Flow: (1, 3) and Tunnel: [(1, 4, 1), (4, 3, 1)]
Flow: (1, 3) and Tunnel: [(1, 4, 1), (4, 11, 1), (11, 3, 1)]
Flow: (1, 3) and Tunnel: [(1, 2, 1), (2, 11, 1), (11, 9, 1), (9, 3, 1)]
Flow: (1, 3) and Tunnel: [(1, 4, 1), (4, 11, 1), (11, 9, 1), (9, 3, 1)]
Flow: (1, 3) and Tunnel: [(1, 2, 1), (2, 11, 1), (11, 9, 1), (9, 4, 1), (4, 3, 1)]
Flow: (1, 3) and Tunnel: [(1, 4, 1), (4, 11, 1), (11, 9, 1), (9, 12, 1), (12, 10, 1), (10, 3, 1)]
Flow: (1, 4) and Tunnel: [(1, 4, 1)]
Flow: (1, 4) and Tunnel: [(1, 2, 1), (2, 4, 1)]
Flow: (1, 4) and Tunnel: [(1, 5, 1), (5, 4, 1)]
Flow: (1, 4) and Tunnel: [(1, 2, 1), (2, 11, 1), (11, 4, 1)]
Flow: (1, 4) and Tunnel: [(1, 5, 1), (5, 8, 1), (8, 4, 1)]
Flow: (1, 4) and Tunnel: [(1, 2, 1), (2, 11, 1), (11, 9, 1), (9, 4, 1)]
Flow: (1, 4) and Tunnel: [(1, 5, 1), (5, 8, 1), (8, 11, 1), (11, 4, 1)]
Flow: (1, 4) and Tunnel: [(1, 2, 1), (2, 11, 1), (11, 9, 1), (9, 3, 1), (3, 4, 1)]
Flow: (1, 5) and Tunnel: [(1, 5, 1)]
Flow: (1, 5) and Tunnel: [(1, 8, 1), (8, 5, 1)]
Flow: (1, 5) and Tunnel: [(1, 2, 1), (2, 5, 1)]
Flow: (1, 5) and Tunnel: [(1, 4, 1), (4, 5, 1)]
Flow: (1, 5) and Tunnel: [(1, 2, 1), (2, 8, 1), (8, 5, 1)]
Flow: (1, 5) and Tunnel: [(1, 4, 1), (4, 8, 1), (8, 5, 1)]
Flow: (1, 5) and Tunnel: [(1, 2, 1), (2, 8, 1), (8, 7, 1), (7, 5, 1)]
Flow: (1, 5) and Tunnel: [(1, 4, 1), (4, 8, 1), (8, 7, 1), (7, 5, 1)]
Flow: (1, 6) and Tunnel: [(1, 6, 1)]
Flow: (1, 6) and Tunnel: [(1, 2, 1), (2, 6, 1)]
Flow: (1, 6) and Tunnel: [(1, 4, 1), (4, 6, 1)]
Flow: (1, 6) and Tunnel: [(1, 2, 1), (2, 12, 1), (12, 6, 1)]
Flow: (1, 6) and Tunnel: [(1, 4, 1), (4, 11, 1), (11, 12, 1), (12, 6, 1)]
Flow: (1, 6) and Tunnel: [(1, 2, 1), (2, 12, 1), (12, 11, 1), (11, 4, 1), (4, 6, 1)]
Flow: (1, 6) and Tunnel: [(1, 4, 1), (4, 11, 1), (11, 12, 1), (12, 9, 1), (9, 6, 1)]
Flow: (1, 6) and Tunnel: [(1, 2, 1), (2, 12, 1), (12, 11, 1), (11, 4, 1), (4, 9, 1), (9, 6, 1)]
Flow: (1, 7) and Tunnel: [(1, 7, 1)]
Flow: (1, 7) and Tunnel: [(1, 2, 1), (2, 7, 1)]
Flow: (1, 7) and Tunnel: [(1, 12, 1), (12, 7, 1)]
Flow: (1, 7) and Tunnel: [(1, 4, 1), (4, 7, 1)]
Flow: (1, 7) and Tunnel: [(1, 2, 1), (2, 12, 1), (12, 7, 1)]
Flow: (1, 7) and Tunnel: [(1, 4, 1), (4, 11, 1), (11, 7, 1)]
Flow: (1, 7) and Tunnel: [(1, 2, 1), (2, 12, 1), (12, 11, 1), (11, 7, 1)]
Flow: (1, 7) and Tunnel: [(1, 4, 1), (4, 11, 1), (11, 9, 1), (9, 7, 1)]
Flow: (1, 8) and Tunnel: [(1, 8, 1)]
Flow: (1, 8) and Tunnel: [(1, 2, 1), (2, 8, 1)]
Flow: (1, 8) and Tunnel: [(1, 11, 1), (11, 8, 1)]
Flow: (1, 8) and Tunnel: [(1, 4, 1), (4, 8, 1)]
Flow: (1, 8) and Tunnel: [(1, 2, 1), (2, 12, 1), (12, 8, 1)]
Flow: (1, 8) and Tunnel: [(1, 4, 1), (4, 11, 1), (11, 8, 1)]
Flow: (1, 8) and Tunnel: [(1, 2, 1), (2, 12, 1), (12, 11, 1), (11, 8, 1)]
Flow: (1, 8) and Tunnel: [(1, 4, 1), (4, 11, 1), (11, 9, 1), (9, 8, 1)]
Flow: (1, 9) and Tunnel: [(1, 9, 1)]
Flow: (1, 9) and Tunnel: [(1, 2, 1), (2, 9, 1)]
Flow: (1, 9) and Tunnel: [(1, 11, 1), (11, 9, 1)]
Flow: (1, 9) and Tunnel: [(1, 4, 1), (4, 9, 1)]
Flow: (1, 9) and Tunnel: [(1, 2, 1), (2, 12, 1), (12, 9, 1)]
Flow: (1, 9) and Tunnel: [(1, 4, 1), (4, 11, 1), (11, 9, 1)]
Flow: (1, 9) and Tunnel: [(1, 2, 1), (2, 12, 1), (12, 11, 1), (11, 9, 1)]
Flow: (1, 9) and Tunnel: [(1, 4, 1), (4, 11, 1), (11, 12, 1), (12, 9, 1)]
Flow: (1, 10) and Tunnel: [(1, 10, 1)]
Flow: (1, 10) and Tunnel: [(1, 2, 1), (2, 10, 1)]
Flow: (1, 10) and Tunnel: [(1, 11, 1), (11, 10, 1)]
Flow: (1, 10) and Tunnel: [(1, 4, 1), (4, 10, 1)]
Flow: (1, 10) and Tunnel: [(1, 2, 1), (2, 12, 1), (12, 10, 1)]
Flow: (1, 10) and Tunnel: [(1, 4, 1), (4, 11, 1), (11, 10, 1)]
Flow: (1, 10) and Tunnel: [(1, 2, 1), (2, 12, 1), (12, 11, 1), (11, 10, 1)]
Flow: (1, 10) and Tunnel: [(1, 4, 1), (4, 11, 1), (11, 12, 1), (12, 10, 1)]
Flow: (1, 11) and Tunnel: [(1, 11, 1)]
Flow: (1, 11) and Tunnel: [(1, 2, 1), (2, 11, 1)]
Flow: (1, 11) and Tunnel: [(1, 12, 1), (12, 11, 1)]
Flow: (1, 11) and Tunnel: [(1, 4, 1), (4, 11, 1)]
Flow: (1, 11) and Tunnel: [(1, 2, 1), (2, 12, 1), (12, 11, 1)]
Flow: (1, 11) and Tunnel: [(1, 4, 1), (4, 10, 1), (10, 11, 1)]
Flow: (1, 11) and Tunnel: [(1, 2, 1), (2, 12, 1), (12, 10, 1), (10, 11, 1)]
Flow: (1, 11) and Tunnel: [(1, 4, 1), (4, 10, 1), (10, 12, 1), (12, 11, 1)]
Flow: (1, 12) and Tunnel: [(1, 12, 1)]
Flow: (1, 12) and Tunnel: [(1, 2, 1), (2, 12, 1)]
Flow: (1, 12) and Tunnel: [(1, 11, 1), (11, 12, 1)]
Flow: (1, 12) and Tunnel: [(1, 2, 1), (2, 11, 1), (11, 12, 1)]
Flow: (1, 12) and Tunnel: [(1, 11, 1), (11, 9, 1), (9, 12, 1)]
Flow: (1, 12) and Tunnel: [(1, 2, 1), (2, 11, 1), (11, 9, 1), (9, 12, 1)]
Flow: (1, 12) and Tunnel: [(1, 11, 1), (11, 9, 1), (9, 8, 1), (8, 12, 1)]
Flow: (1, 12) and Tunnel: [(1, 2, 1), (2, 11, 1), (11, 9, 1), (9, 8, 1), (8, 12, 1)]
Flow: (2, 1) and Tunnel: [(2, 1, 1)]
Flow: (2, 1) and Tunnel: [(2, 12, 1), (12, 1, 1)]
Flow: (2, 1) and Tunnel: [(2, 11, 1), (11, 1, 1)]
Flow: (2, 1) and Tunnel: [(2, 12, 1), (12, 11, 1), (11, 1, 1)]
Flow: (2, 1) and Tunnel: [(2, 11, 1), (11, 9, 1), (9, 1, 1)]
Flow: (2, 1) and Tunnel: [(2, 12, 1), (12, 11, 1), (11, 9, 1), (9, 1, 1)]
Flow: (2, 1) and Tunnel: [(2, 11, 1), (11, 9, 1), (9, 12, 1), (12, 1, 1)]
Flow: (2, 1) and Tunnel: [(2, 12, 1), (12, 11, 1), (11, 9, 1), (9, 4, 1), (4, 1, 1)]
Flow: (2, 3) and Tunnel: [(2, 3, 1)]
Flow: (2, 3) and Tunnel: [(2, 11, 1), (11, 3, 1)]
Flow: (2, 3) and Tunnel: [(2, 1, 1), (1, 11, 1), (11, 3, 1)]
Flow: (2, 3) and Tunnel: [(2, 11, 1), (11, 9, 1), (9, 3, 1)]
Flow: (2, 3) and Tunnel: [(2, 1, 1), (1, 11, 1), (11, 9, 1), (9, 3, 1)]
Flow: (2, 3) and Tunnel: [(2, 11, 1), (11, 9, 1), (9, 4, 1), (4, 3, 1)]
Flow: (2, 3) and Tunnel: [(2, 1, 1), (1, 11, 1), (11, 9, 1), (9, 4, 1), (4, 3, 1)]
Flow: (2, 3) and Tunnel: [(2, 11, 1), (11, 9, 1), (9, 4, 1), (4, 10, 1), (10, 3, 1)]
Flow: (2, 4) and Tunnel: [(2, 4, 1)]
Flow: (2, 4) and Tunnel: [(2, 1, 1), (1, 4, 1)]
Flow: (2, 4) and Tunnel: [(2, 3, 1), (3, 4, 1)]
Flow: (2, 4) and Tunnel: [(2, 1, 1), (1, 11, 1), (11, 4, 1)]
Flow: (2, 4) and Tunnel: [(2, 3, 1), (3, 11, 1), (11, 4, 1)]
Flow: (2, 4) and Tunnel: [(2, 1, 1), (1, 11, 1), (11, 9, 1), (9, 4, 1)]
Flow: (2, 4) and Tunnel: [(2, 3, 1), (3, 11, 1), (11, 9, 1), (9, 4, 1)]
Flow: (2, 4) and Tunnel: [(2, 1, 1), (1, 11, 1), (11, 9, 1), (9, 3, 1), (3, 4, 1)]
Flow: (2, 5) and Tunnel: [(2, 5, 1)]
Flow: (2, 5) and Tunnel: [(2, 1, 1), (1, 8, 1), (8, 5, 1)]
Flow: (2, 5) and Tunnel: [(2, 1, 1), (1, 5, 1)]
Flow: (2, 5) and Tunnel: [(2, 12, 1), (12, 1, 1), (1, 5, 1)]
Flow: (2, 5) and Tunnel: [(2, 12, 1), (12, 1, 1), (1, 8, 1), (8, 5, 1)]
Flow: (2, 5) and Tunnel: [(2, 1, 1), (1, 8, 1), (8, 7, 1), (7, 5, 1)]
Flow: (2, 5) and Tunnel: [(2, 12, 1), (12, 1, 1), (1, 8, 1), (8, 7, 1), (7, 5, 1)]
Flow: (2, 5) and Tunnel: [(2, 1, 1), (1, 8, 1), (8, 7, 1), (7, 6, 1), (6, 5, 1)]
Flow: (2, 6) and Tunnel: [(2, 6, 1)]
Flow: (2, 6) and Tunnel: [(2, 1, 1), (1, 6, 1)]
Flow: (2, 6) and Tunnel: [(2, 3, 1), (3, 6, 1)]
Flow: (2, 6) and Tunnel: [(2, 1, 1), (1, 12, 1), (12, 6, 1)]
Flow: (2, 6) and Tunnel: [(2, 3, 1), (3, 11, 1), (11, 12, 1), (12, 6, 1)]
Flow: (2, 6) and Tunnel: [(2, 1, 1), (1, 12, 1), (12, 11, 1), (11, 4, 1), (4, 6, 1)]
Flow: (2, 6) and Tunnel: [(2, 3, 1), (3, 11, 1), (11, 12, 1), (12, 1, 1), (1, 6, 1)]
Flow: (2, 6) and Tunnel: [(2, 1, 1), (1, 12, 1), (12, 11, 1), (11, 4, 1), (4, 9, 1), (9, 6, 1)]
Flow: (2, 7) and Tunnel: [(2, 7, 1)]
Flow: (2, 7) and Tunnel: [(2, 1, 1), (1, 7, 1)]
Flow: (2, 7) and Tunnel: [(2, 1, 1), (1, 12, 1), (12, 7, 1)]
Flow: (2, 7) and Tunnel: [(2, 12, 1), (12, 7, 1)]
Flow: (2, 7) and Tunnel: [(2, 3, 1), (3, 7, 1)]
Flow: (2, 7) and Tunnel: [(2, 3, 1), (3, 11, 1), (11, 7, 1)]
Flow: (2, 7) and Tunnel: [(2, 1, 1), (1, 12, 1), (12, 11, 1), (11, 7, 1)]
Flow: (2, 7) and Tunnel: [(2, 3, 1), (3, 11, 1), (11, 9, 1), (9, 7, 1)]
Flow: (2, 8) and Tunnel: [(2, 8, 1)]
Flow: (2, 8) and Tunnel: [(2, 1, 1), (1, 8, 1)]
Flow: (2, 8) and Tunnel: [(2, 11, 1), (11, 8, 1)]
Flow: (2, 8) and Tunnel: [(2, 3, 1), (3, 8, 1)]
Flow: (2, 8) and Tunnel: [(2, 1, 1), (1, 12, 1), (12, 8, 1)]
Flow: (2, 8) and Tunnel: [(2, 3, 1), (3, 11, 1), (11, 8, 1)]
Flow: (2, 8) and Tunnel: [(2, 1, 1), (1, 12, 1), (12, 11, 1), (11, 8, 1)]
Flow: (2, 8) and Tunnel: [(2, 3, 1), (3, 11, 1), (11, 9, 1), (9, 8, 1)]
Flow: (2, 9) and Tunnel: [(2, 9, 1)]
Flow: (2, 9) and Tunnel: [(2, 1, 1), (1, 9, 1)]
Flow: (2, 9) and Tunnel: [(2, 11, 1), (11, 9, 1)]
Flow: (2, 9) and Tunnel: [(2, 3, 1), (3, 9, 1)]
Flow: (2, 9) and Tunnel: [(2, 1, 1), (1, 12, 1), (12, 9, 1)]
Flow: (2, 9) and Tunnel: [(2, 3, 1), (3, 11, 1), (11, 9, 1)]
Flow: (2, 9) and Tunnel: [(2, 1, 1), (1, 12, 1), (12, 11, 1), (11, 9, 1)]
Flow: (2, 9) and Tunnel: [(2, 3, 1), (3, 11, 1), (11, 1, 1), (1, 9, 1)]
Flow: (2, 10) and Tunnel: [(2, 10, 1)]
Flow: (2, 10) and Tunnel: [(2, 1, 1), (1, 10, 1)]
Flow: (2, 10) and Tunnel: [(2, 11, 1), (11, 10, 1)]
Flow: (2, 10) and Tunnel: [(2, 3, 1), (3, 10, 1)]
Flow: (2, 10) and Tunnel: [(2, 1, 1), (1, 12, 1), (12, 10, 1)]
Flow: (2, 10) and Tunnel: [(2, 3, 1), (3, 11, 1), (11, 10, 1)]
Flow: (2, 10) and Tunnel: [(2, 1, 1), (1, 12, 1), (12, 11, 1), (11, 10, 1)]
Flow: (2, 10) and Tunnel: [(2, 3, 1), (3, 11, 1), (11, 12, 1), (12, 10, 1)]
Flow: (2, 11) and Tunnel: [(2, 11, 1)]
Flow: (2, 11) and Tunnel: [(2, 1, 1), (1, 11, 1)]
Flow: (2, 11) and Tunnel: [(2, 1, 1), (1, 12, 1), (12, 11, 1)]
Flow: (2, 11) and Tunnel: [(2, 12, 1), (12, 11, 1)]
Flow: (2, 11) and Tunnel: [(2, 3, 1), (3, 11, 1)]
Flow: (2, 11) and Tunnel: [(2, 3, 1), (3, 10, 1), (10, 11, 1)]
Flow: (2, 11) and Tunnel: [(2, 1, 1), (1, 12, 1), (12, 10, 1), (10, 11, 1)]
Flow: (2, 11) and Tunnel: [(2, 3, 1), (3, 10, 1), (10, 1, 1), (1, 11, 1)]
Flow: (2, 12) and Tunnel: [(2, 12, 1)]
Flow: (2, 12) and Tunnel: [(2, 1, 1), (1, 12, 1)]
Flow: (2, 12) and Tunnel: [(2, 1, 1), (1, 11, 1), (11, 12, 1)]
Flow: (2, 12) and Tunnel: [(2, 11, 1), (11, 12, 1)]
Flow: (2, 12) and Tunnel: [(2, 11, 1), (11, 9, 1), (9, 12, 1)]
Flow: (2, 12) and Tunnel: [(2, 1, 1), (1, 11, 1), (11, 9, 1), (9, 12, 1)]
Flow: (2, 12) and Tunnel: [(2, 11, 1), (11, 9, 1), (9, 8, 1), (8, 12, 1)]
Flow: (2, 12) and Tunnel: [(2, 1, 1), (1, 11, 1), (11, 9, 1), (9, 8, 1), (8, 12, 1)]
Flow: (3, 1) and Tunnel: [(3, 2, 1), (2, 1, 1)]
Flow: (3, 1) and Tunnel: [(3, 4, 1), (4, 5, 1), (5, 1, 1)]
Flow: (3, 1) and Tunnel: [(3, 4, 1), (4, 1, 1)]
Flow: (3, 1) and Tunnel: [(3, 2, 1), (2, 12, 1), (12, 1, 1)]
Flow: (3, 1) and Tunnel: [(3, 4, 1), (4, 2, 1), (2, 1, 1)]
Flow: (3, 1) and Tunnel: [(3, 2, 1), (2, 12, 1), (12, 11, 1), (11, 1, 1)]
Flow: (3, 1) and Tunnel: [(3, 4, 1), (4, 2, 1), (2, 12, 1), (12, 1, 1)]
Flow: (3, 1) and Tunnel: [(3, 2, 1), (2, 12, 1), (12, 11, 1), (11, 9, 1), (9, 1, 1)]
Flow: (3, 2) and Tunnel: [(3, 2, 1)]
Flow: (3, 2) and Tunnel: [(3, 4, 1), (4, 2, 1)]
Flow: (3, 2) and Tunnel: [(3, 6, 1), (6, 2, 1)]
Flow: (3, 2) and Tunnel: [(3, 4, 1), (4, 1, 1), (1, 2, 1)]
Flow: (3, 2) and Tunnel: [(3, 6, 1), (6, 1, 1), (1, 2, 1)]
Flow: (3, 2) and Tunnel: [(3, 4, 1), (4, 1, 1), (1, 12, 1), (12, 2, 1)]
Flow: (3, 2) and Tunnel: [(3, 6, 1), (6, 1, 1), (1, 4, 1), (4, 2, 1)]
Flow: (3, 2) and Tunnel: [(3, 4, 1), (4, 1, 1), (1, 12, 1), (12, 11, 1), (11, 2, 1)]
Flow: (3, 4) and Tunnel: [(3, 4, 1)]
Flow: (3, 4) and Tunnel: [(3, 2, 1), (2, 4, 1)]
Flow: (3, 4) and Tunnel: [(3, 6, 1), (6, 4, 1)]
Flow: (3, 4) and Tunnel: [(3, 2, 1), (2, 1, 1), (1, 4, 1)]
Flow: (3, 4) and Tunnel: [(3, 6, 1), (6, 1, 1), (1, 4, 1)]
Flow: (3, 4) and Tunnel: [(3, 2, 1), (2, 1, 1), (1, 11, 1), (11, 4, 1)]
Flow: (3, 4) and Tunnel: [(3, 6, 1), (6, 1, 1), (1, 2, 1), (2, 4, 1)]
Flow: (3, 4) and Tunnel: [(3, 2, 1), (2, 1, 1), (1, 11, 1), (11, 9, 1), (9, 4, 1)]
Flow: (3, 5) and Tunnel: [(3, 2, 1), (2, 5, 1)]
Flow: (3, 5) and Tunnel: [(3, 4, 1), (4, 5, 1)]
Flow: (3, 5) and Tunnel: [(3, 8, 1), (8, 5, 1)]
Flow: (3, 5) and Tunnel: [(3, 2, 1), (2, 1, 1), (1, 5, 1)]
Flow: (3, 5) and Tunnel: [(3, 4, 1), (4, 1, 1), (1, 5, 1)]
Flow: (3, 5) and Tunnel: [(3, 2, 1), (2, 1, 1), (1, 8, 1), (8, 5, 1)]
Flow: (3, 5) and Tunnel: [(3, 4, 1), (4, 1, 1), (1, 2, 1), (2, 5, 1)]
Flow: (3, 5) and Tunnel: [(3, 2, 1), (2, 1, 1), (1, 8, 1), (8, 7, 1), (7, 5, 1)]
Flow: (3, 6) and Tunnel: [(3, 6, 1)]
Flow: (3, 6) and Tunnel: [(3, 2, 1), (2, 6, 1)]
Flow: (3, 6) and Tunnel: [(3, 4, 1), (4, 6, 1)]
Flow: (3, 6) and Tunnel: [(3, 2, 1), (2, 1, 1), (1, 6, 1)]
Flow: (3, 6) and Tunnel: [(3, 4, 1), (4, 1, 1), (1, 6, 1)]
Flow: (3, 6) and Tunnel: [(3, 2, 1), (2, 1, 1), (1, 12, 1), (12, 6, 1)]
Flow: (3, 6) and Tunnel: [(3, 4, 1), (4, 1, 1), (1, 2, 1), (2, 6, 1)]
Flow: (3, 6) and Tunnel: [(3, 2, 1), (2, 1, 1), (1, 12, 1), (12, 11, 1), (11, 4, 1), (4, 6, 1)]
Flow: (3, 7) and Tunnel: [(3, 7, 1)]
Flow: (3, 7) and Tunnel: [(3, 2, 1), (2, 7, 1)]
Flow: (3, 7) and Tunnel: [(3, 10, 1), (10, 7, 1)]
Flow: (3, 7) and Tunnel: [(3, 4, 1), (4, 7, 1)]
Flow: (3, 7) and Tunnel: [(3, 2, 1), (2, 1, 1), (1, 7, 1)]
Flow: (3, 7) and Tunnel: [(3, 4, 1), (4, 1, 1), (1, 7, 1)]
Flow: (3, 7) and Tunnel: [(3, 2, 1), (2, 1, 1), (1, 12, 1), (12, 7, 1)]
Flow: (3, 7) and Tunnel: [(3, 4, 1), (4, 1, 1), (1, 2, 1), (2, 7, 1)]
Flow: (3, 8) and Tunnel: [(3, 8, 1)]
Flow: (3, 8) and Tunnel: [(3, 2, 1), (2, 8, 1)]
Flow: (3, 8) and Tunnel: [(3, 11, 1), (11, 8, 1)]
Flow: (3, 8) and Tunnel: [(3, 4, 1), (4, 8, 1)]
Flow: (3, 8) and Tunnel: [(3, 2, 1), (2, 1, 1), (1, 8, 1)]
Flow: (3, 8) and Tunnel: [(3, 4, 1), (4, 1, 1), (1, 8, 1)]
Flow: (3, 8) and Tunnel: [(3, 2, 1), (2, 1, 1), (1, 12, 1), (12, 8, 1)]
Flow: (3, 8) and Tunnel: [(3, 4, 1), (4, 1, 1), (1, 2, 1), (2, 8, 1)]
Flow: (3, 9) and Tunnel: [(3, 9, 1)]
Flow: (3, 9) and Tunnel: [(3, 2, 1), (2, 9, 1)]
Flow: (3, 9) and Tunnel: [(3, 11, 1), (11, 9, 1)]
Flow: (3, 9) and Tunnel: [(3, 4, 1), (4, 9, 1)]
Flow: (3, 9) and Tunnel: [(3, 2, 1), (2, 1, 1), (1, 9, 1)]
Flow: (3, 9) and Tunnel: [(3, 4, 1), (4, 1, 1), (1, 9, 1)]
Flow: (3, 9) and Tunnel: [(3, 2, 1), (2, 1, 1), (1, 12, 1), (12, 9, 1)]
Flow: (3, 9) and Tunnel: [(3, 4, 1), (4, 1, 1), (1, 2, 1), (2, 9, 1)]
Flow: (3, 10) and Tunnel: [(3, 10, 1)]
Flow: (3, 10) and Tunnel: [(3, 2, 1), (2, 10, 1)]
Flow: (3, 10) and Tunnel: [(3, 11, 1), (11, 10, 1)]
Flow: (3, 10) and Tunnel: [(3, 4, 1), (4, 10, 1)]
Flow: (3, 10) and Tunnel: [(3, 2, 1), (2, 1, 1), (1, 10, 1)]
Flow: (3, 10) and Tunnel: [(3, 4, 1), (4, 1, 1), (1, 10, 1)]
Flow: (3, 10) and Tunnel: [(3, 2, 1), (2, 1, 1), (1, 12, 1), (12, 10, 1)]
Flow: (3, 10) and Tunnel: [(3, 4, 1), (4, 1, 1), (1, 2, 1), (2, 10, 1)]
Flow: (3, 11) and Tunnel: [(3, 11, 1)]
Flow: (3, 11) and Tunnel: [(3, 2, 1), (2, 11, 1)]
Flow: (3, 11) and Tunnel: [(3, 10, 1), (10, 11, 1)]
Flow: (3, 11) and Tunnel: [(3, 4, 1), (4, 11, 1)]
Flow: (3, 11) and Tunnel: [(3, 2, 1), (2, 1, 1), (1, 11, 1)]
Flow: (3, 11) and Tunnel: [(3, 4, 1), (4, 1, 1), (1, 11, 1)]
Flow: (3, 11) and Tunnel: [(3, 2, 1), (2, 1, 1), (1, 12, 1), (12, 11, 1)]
Flow: (3, 11) and Tunnel: [(3, 4, 1), (4, 1, 1), (1, 2, 1), (2, 11, 1)]
Flow: (3, 12) and Tunnel: [(3, 2, 1), (2, 12, 1)]
Flow: (3, 12) and Tunnel: [(3, 11, 1), (11, 12, 1)]
Flow: (3, 12) and Tunnel: [(3, 10, 1), (10, 12, 1)]
Flow: (3, 12) and Tunnel: [(3, 2, 1), (2, 1, 1), (1, 12, 1)]
Flow: (3, 12) and Tunnel: [(3, 11, 1), (11, 9, 1), (9, 12, 1)]
Flow: (3, 12) and Tunnel: [(3, 2, 1), (2, 1, 1), (1, 11, 1), (11, 12, 1)]
Flow: (3, 12) and Tunnel: [(3, 11, 1), (11, 9, 1), (9, 8, 1), (8, 12, 1)]
Flow: (3, 12) and Tunnel: [(3, 2, 1), (2, 1, 1), (1, 11, 1), (11, 9, 1), (9, 12, 1)]
Flow: (4, 1) and Tunnel: [(4, 1, 1)]
Flow: (4, 1) and Tunnel: [(4, 2, 1), (2, 1, 1)]
Flow: (4, 1) and Tunnel: [(4, 11, 1), (11, 1, 1)]
Flow: (4, 1) and Tunnel: [(4, 2, 1), (2, 12, 1), (12, 1, 1)]
Flow: (4, 1) and Tunnel: [(4, 11, 1), (11, 9, 1), (9, 1, 1)]
Flow: (4, 1) and Tunnel: [(4, 2, 1), (2, 12, 1), (12, 11, 1), (11, 1, 1)]
Flow: (4, 1) and Tunnel: [(4, 11, 1), (11, 9, 1), (9, 12, 1), (12, 1, 1)]
Flow: (4, 1) and Tunnel: [(4, 2, 1), (2, 12, 1), (12, 11, 1), (11, 9, 1), (9, 1, 1)]
Flow: (4, 2) and Tunnel: [(4, 2, 1)]
Flow: (4, 2) and Tunnel: [(4, 1, 1), (1, 2, 1)]
Flow: (4, 2) and Tunnel: [(4, 3, 1), (3, 2, 1)]
Flow: (4, 2) and Tunnel: [(4, 1, 1), (1, 12, 1), (12, 2, 1)]
Flow: (4, 2) and Tunnel: [(4, 3, 1), (3, 11, 1), (11, 2, 1)]
Flow: (4, 2) and Tunnel: [(4, 1, 1), (1, 12, 1), (12, 11, 1), (11, 2, 1)]
Flow: (4, 2) and Tunnel: [(4, 3, 1), (3, 11, 1), (11, 9, 1), (9, 2, 1)]
Flow: (4, 2) and Tunnel: [(4, 1, 1), (1, 12, 1), (12, 11, 1), (11, 9, 1), (9, 2, 1)]
Flow: (4, 3) and Tunnel: [(4, 3, 1)]
Flow: (4, 3) and Tunnel: [(4, 2, 1), (2, 3, 1)]
Flow: (4, 3) and Tunnel: [(4, 11, 1), (11, 3, 1)]
Flow: (4, 3) and Tunnel: [(4, 10, 1), (10, 3, 1)]
Flow: (4, 3) and Tunnel: [(4, 11, 1), (11, 9, 1), (9, 3, 1)]
Flow: (4, 3) and Tunnel: [(4, 10, 1), (10, 1, 1), (1, 9, 1), (9, 3, 1)]
Flow: (4, 3) and Tunnel: [(4, 11, 1), (11, 9, 1), (9, 12, 1), (12, 10, 1), (10, 3, 1)]
Flow: (4, 3) and Tunnel: [(4, 10, 1), (10, 1, 1), (1, 9, 1), (9, 11, 1), (11, 3, 1)]
Flow: (4, 5) and Tunnel: [(4, 5, 1)]
Flow: (4, 5) and Tunnel: [(4, 1, 1), (1, 5, 1)]
Flow: (4, 5) and Tunnel: [(4, 2, 1), (2, 5, 1)]
Flow: (4, 5) and Tunnel: [(4, 1, 1), (1, 2, 1), (2, 5, 1)]
Flow: (4, 5) and Tunnel: [(4, 2, 1), (2, 1, 1), (1, 5, 1)]
Flow: (4, 5) and Tunnel: [(4, 1, 1), (1, 2, 1), (2, 8, 1), (8, 5, 1)]
Flow: (4, 5) and Tunnel: [(4, 2, 1), (2, 1, 1), (1, 8, 1), (8, 5, 1)]
Flow: (4, 5) and Tunnel: [(4, 1, 1), (1, 2, 1), (2, 8, 1), (8, 7, 1), (7, 5, 1)]
Flow: (4, 6) and Tunnel: [(4, 6, 1)]
Flow: (4, 6) and Tunnel: [(4, 2, 1), (2, 6, 1)]
Flow: (4, 6) and Tunnel: [(4, 11, 1), (11, 12, 1), (12, 6, 1)]
Flow: (4, 6) and Tunnel: [(4, 1, 1), (1, 6, 1)]
Flow: (4, 6) and Tunnel: [(4, 1, 1), (1, 2, 1), (2, 6, 1)]
Flow: (4, 6) and Tunnel: [(4, 2, 1), (2, 1, 1), (1, 6, 1)]
Flow: (4, 6) and Tunnel: [(4, 1, 1), (1, 2, 1), (2, 12, 1), (12, 6, 1)]
Flow: (4, 6) and Tunnel: [(4, 2, 1), (2, 1, 1), (1, 12, 1), (12, 6, 1)]
Flow: (4, 7) and Tunnel: [(4, 7, 1)]
Flow: (4, 7) and Tunnel: [(4, 1, 1), (1, 7, 1)]
Flow: (4, 7) and Tunnel: [(4, 2, 1), (2, 7, 1)]
Flow: (4, 7) and Tunnel: [(4, 1, 1), (1, 2, 1), (2, 7, 1)]
Flow: (4, 7) and Tunnel: [(4, 2, 1), (2, 1, 1), (1, 7, 1)]
Flow: (4, 7) and Tunnel: [(4, 1, 1), (1, 2, 1), (2, 12, 1), (12, 7, 1)]
Flow: (4, 7) and Tunnel: [(4, 2, 1), (2, 1, 1), (1, 12, 1), (12, 7, 1)]
Flow: (4, 7) and Tunnel: [(4, 1, 1), (1, 2, 1), (2, 12, 1), (12, 11, 1), (11, 7, 1)]
Flow: (4, 8) and Tunnel: [(4, 8, 1)]
Flow: (4, 8) and Tunnel: [(4, 1, 1), (1, 8, 1)]
Flow: (4, 8) and Tunnel: [(4, 2, 1), (2, 8, 1)]
Flow: (4, 8) and Tunnel: [(4, 1, 1), (1, 2, 1), (2, 8, 1)]
Flow: (4, 8) and Tunnel: [(4, 2, 1), (2, 1, 1), (1, 8, 1)]
Flow: (4, 8) and Tunnel: [(4, 1, 1), (1, 2, 1), (2, 12, 1), (12, 8, 1)]
Flow: (4, 8) and Tunnel: [(4, 2, 1), (2, 1, 1), (1, 12, 1), (12, 8, 1)]
Flow: (4, 8) and Tunnel: [(4, 1, 1), (1, 2, 1), (2, 12, 1), (12, 11, 1), (11, 8, 1)]
Flow: (4, 9) and Tunnel: [(4, 9, 1)]
Flow: (4, 9) and Tunnel: [(4, 1, 1), (1, 9, 1)]
Flow: (4, 9) and Tunnel: [(4, 2, 1), (2, 9, 1)]
Flow: (4, 9) and Tunnel: [(4, 1, 1), (1, 2, 1), (2, 9, 1)]
Flow: (4, 9) and Tunnel: [(4, 2, 1), (2, 1, 1), (1, 9, 1)]
Flow: (4, 9) and Tunnel: [(4, 1, 1), (1, 2, 1), (2, 12, 1), (12, 9, 1)]
Flow: (4, 9) and Tunnel: [(4, 2, 1), (2, 1, 1), (1, 12, 1), (12, 9, 1)]
Flow: (4, 9) and Tunnel: [(4, 1, 1), (1, 2, 1), (2, 12, 1), (12, 11, 1), (11, 9, 1)]
Flow: (4, 10) and Tunnel: [(4, 10, 1)]
Flow: (4, 10) and Tunnel: [(4, 1, 1), (1, 10, 1)]
Flow: (4, 10) and Tunnel: [(4, 11, 1), (11, 10, 1)]
Flow: (4, 10) and Tunnel: [(4, 2, 1), (2, 10, 1)]
Flow: (4, 10) and Tunnel: [(4, 1, 1), (1, 2, 1), (2, 10, 1)]
Flow: (4, 10) and Tunnel: [(4, 2, 1), (2, 1, 1), (1, 10, 1)]
Flow: (4, 10) and Tunnel: [(4, 1, 1), (1, 2, 1), (2, 12, 1), (12, 10, 1)]
Flow: (4, 10) and Tunnel: [(4, 2, 1), (2, 1, 1), (1, 12, 1), (12, 10, 1)]
Flow: (4, 11) and Tunnel: [(4, 11, 1)]
Flow: (4, 11) and Tunnel: [(4, 1, 1), (1, 11, 1)]
Flow: (4, 11) and Tunnel: [(4, 10, 1), (10, 11, 1)]
Flow: (4, 11) and Tunnel: [(4, 2, 1), (2, 11, 1)]
Flow: (4, 11) and Tunnel: [(4, 1, 1), (1, 2, 1), (2, 11, 1)]
Flow: (4, 11) and Tunnel: [(4, 2, 1), (2, 1, 1), (1, 11, 1)]
Flow: (4, 11) and Tunnel: [(4, 1, 1), (1, 2, 1), (2, 12, 1), (12, 11, 1)]
Flow: (4, 11) and Tunnel: [(4, 2, 1), (2, 1, 1), (1, 12, 1), (12, 11, 1)]
Flow: (4, 12) and Tunnel: [(4, 1, 1), (1, 12, 1)]
Flow: (4, 12) and Tunnel: [(4, 2, 1), (2, 12, 1)]
Flow: (4, 12) and Tunnel: [(4, 11, 1), (11, 12, 1)]
Flow: (4, 12) and Tunnel: [(4, 1, 1), (1, 2, 1), (2, 12, 1)]
Flow: (4, 12) and Tunnel: [(4, 2, 1), (2, 1, 1), (1, 12, 1)]
Flow: (4, 12) and Tunnel: [(4, 1, 1), (1, 2, 1), (2, 11, 1), (11, 12, 1)]
Flow: (4, 12) and Tunnel: [(4, 2, 1), (2, 1, 1), (1, 11, 1), (11, 12, 1)]
Flow: (4, 12) and Tunnel: [(4, 1, 1), (1, 2, 1), (2, 11, 1), (11, 9, 1), (9, 12, 1)]
Flow: (5, 1) and Tunnel: [(5, 1, 1)]
Flow: (5, 1) and Tunnel: [(5, 4, 1), (4, 1, 1)]
Flow: (5, 1) and Tunnel: [(5, 2, 1), (2, 1, 1)]
Flow: (5, 1) and Tunnel: [(5, 2, 1), (2, 12, 1), (12, 1, 1)]
Flow: (5, 1) and Tunnel: [(5, 4, 1), (4, 2, 1), (2, 1, 1)]
Flow: (5, 1) and Tunnel: [(5, 2, 1), (2, 12, 1), (12, 11, 1), (11, 1, 1)]
Flow: (5, 1) and Tunnel: [(5, 4, 1), (4, 2, 1), (2, 12, 1), (12, 1, 1)]
Flow: (5, 1) and Tunnel: [(5, 2, 1), (2, 12, 1), (12, 11, 1), (11, 9, 1), (9, 1, 1)]
Flow: (5, 2) and Tunnel: [(5, 2, 1)]
Flow: (5, 2) and Tunnel: [(5, 4, 1), (4, 3, 1), (3, 2, 1)]
Flow: (5, 2) and Tunnel: [(5, 1, 1), (1, 2, 1)]
Flow: (5, 2) and Tunnel: [(5, 4, 1), (4, 2, 1)]
Flow: (5, 2) and Tunnel: [(5, 1, 1), (1, 4, 1), (4, 2, 1)]
Flow: (5, 2) and Tunnel: [(5, 4, 1), (4, 1, 1), (1, 2, 1)]
Flow: (5, 2) and Tunnel: [(5, 1, 1), (1, 4, 1), (4, 11, 1), (11, 2, 1)]
Flow: (5, 2) and Tunnel: [(5, 4, 1), (4, 1, 1), (1, 12, 1), (12, 2, 1)]
Flow: (5, 3) and Tunnel: [(5, 8, 1), (8, 3, 1)]
Flow: (5, 3) and Tunnel: [(5, 4, 1), (4, 3, 1)]
Flow: (5, 3) and Tunnel: [(5, 7, 1), (7, 3, 1)]
Flow: (5, 3) and Tunnel: [(5, 8, 1), (8, 11, 1), (11, 3, 1)]
Flow: (5, 3) and Tunnel: [(5, 7, 1), (7, 11, 1), (11, 3, 1)]
Flow: (5, 3) and Tunnel: [(5, 8, 1), (8, 11, 1), (11, 9, 1), (9, 3, 1)]
Flow: (5, 3) and Tunnel: [(5, 7, 1), (7, 11, 1), (11, 9, 1), (9, 3, 1)]
Flow: (5, 3) and Tunnel: [(5, 8, 1), (8, 11, 1), (11, 9, 1), (9, 4, 1), (4, 3, 1)]
Flow: (5, 4) and Tunnel: [(5, 4, 1)]
Flow: (5, 4) and Tunnel: [(5, 1, 1), (1, 4, 1)]
Flow: (5, 4) and Tunnel: [(5, 2, 1), (2, 4, 1)]
Flow: (5, 4) and Tunnel: [(5, 1, 1), (1, 2, 1), (2, 4, 1)]
Flow: (5, 4) and Tunnel: [(5, 2, 1), (2, 1, 1), (1, 4, 1)]
Flow: (5, 4) and Tunnel: [(5, 1, 1), (1, 2, 1), (2, 11, 1), (11, 4, 1)]
Flow: (5, 4) and Tunnel: [(5, 2, 1), (2, 1, 1), (1, 11, 1), (11, 4, 1)]
Flow: (5, 4) and Tunnel: [(5, 1, 1), (1, 2, 1), (2, 11, 1), (11, 9, 1), (9, 4, 1)]
Flow: (5, 6) and Tunnel: [(5, 6, 1)]
Flow: (5, 6) and Tunnel: [(5, 1, 1), (1, 6, 1)]
Flow: (5, 6) and Tunnel: [(5, 2, 1), (2, 6, 1)]
Flow: (5, 6) and Tunnel: [(5, 1, 1), (1, 2, 1), (2, 6, 1)]
Flow: (5, 6) and Tunnel: [(5, 2, 1), (2, 1, 1), (1, 6, 1)]
Flow: (5, 6) and Tunnel: [(5, 1, 1), (1, 2, 1), (2, 12, 1), (12, 6, 1)]
Flow: (5, 6) and Tunnel: [(5, 2, 1), (2, 1, 1), (1, 12, 1), (12, 6, 1)]
Flow: (5, 6) and Tunnel: [(5, 1, 1), (1, 2, 1), (2, 12, 1), (12, 11, 1), (11, 4, 1), (4, 6, 1)]
Flow: (5, 7) and Tunnel: [(5, 7, 1)]
Flow: (5, 7) and Tunnel: [(5, 1, 1), (1, 7, 1)]
Flow: (5, 7) and Tunnel: [(5, 4, 1), (4, 7, 1)]
Flow: (5, 7) and Tunnel: [(5, 8, 1), (8, 7, 1)]
Flow: (5, 7) and Tunnel: [(5, 1, 1), (1, 12, 1), (12, 7, 1)]
Flow: (5, 7) and Tunnel: [(5, 2, 1), (2, 7, 1)]
Flow: (5, 7) and Tunnel: [(5, 1, 1), (1, 2, 1), (2, 7, 1)]
Flow: (5, 7) and Tunnel: [(5, 2, 1), (2, 1, 1), (1, 7, 1)]
Flow: (5, 8) and Tunnel: [(5, 8, 1)]
Flow: (5, 8) and Tunnel: [(5, 1, 1), (1, 8, 1)]
Flow: (5, 8) and Tunnel: [(5, 7, 1), (7, 8, 1)]
Flow: (5, 8) and Tunnel: [(5, 2, 1), (2, 8, 1)]
Flow: (5, 8) and Tunnel: [(5, 1, 1), (1, 2, 1), (2, 8, 1)]
Flow: (5, 8) and Tunnel: [(5, 2, 1), (2, 1, 1), (1, 8, 1)]
Flow: (5, 8) and Tunnel: [(5, 1, 1), (1, 2, 1), (2, 12, 1), (12, 8, 1)]
Flow: (5, 8) and Tunnel: [(5, 2, 1), (2, 1, 1), (1, 12, 1), (12, 8, 1)]
Flow: (5, 9) and Tunnel: [(5, 1, 1), (1, 9, 1)]
Flow: (5, 9) and Tunnel: [(5, 8, 1), (8, 9, 1)]
Flow: (5, 9) and Tunnel: [(5, 4, 1), (4, 9, 1)]
Flow: (5, 9) and Tunnel: [(5, 7, 1), (7, 9, 1)]
Flow: (5, 9) and Tunnel: [(5, 1, 1), (1, 11, 1), (11, 9, 1)]
Flow: (5, 9) and Tunnel: [(5, 2, 1), (2, 9, 1)]
Flow: (5, 9) and Tunnel: [(5, 1, 1), (1, 2, 1), (2, 9, 1)]
Flow: (5, 9) and Tunnel: [(5, 2, 1), (2, 1, 1), (1, 9, 1)]
Flow: (5, 10) and Tunnel: [(5, 1, 1), (1, 10, 1)]
Flow: (5, 10) and Tunnel: [(5, 8, 1), (8, 10, 1)]
Flow: (5, 10) and Tunnel: [(5, 4, 1), (4, 10, 1)]
Flow: (5, 10) and Tunnel: [(5, 7, 1), (7, 10, 1)]
Flow: (5, 10) and Tunnel: [(5, 1, 1), (1, 11, 1), (11, 10, 1)]
Flow: (5, 10) and Tunnel: [(5, 2, 1), (2, 10, 1)]
Flow: (5, 10) and Tunnel: [(5, 1, 1), (1, 2, 1), (2, 10, 1)]
Flow: (5, 10) and Tunnel: [(5, 2, 1), (2, 1, 1), (1, 10, 1)]
Flow: (5, 11) and Tunnel: [(5, 1, 1), (1, 11, 1)]
Flow: (5, 11) and Tunnel: [(5, 8, 1), (8, 11, 1)]
Flow: (5, 11) and Tunnel: [(5, 4, 1), (4, 11, 1)]
Flow: (5, 11) and Tunnel: [(5, 2, 1), (2, 11, 1)]
Flow: (5, 11) and Tunnel: [(5, 1, 1), (1, 2, 1), (2, 11, 1)]
Flow: (5, 11) and Tunnel: [(5, 2, 1), (2, 1, 1), (1, 11, 1)]
Flow: (5, 11) and Tunnel: [(5, 1, 1), (1, 2, 1), (2, 12, 1), (12, 11, 1)]
Flow: (5, 11) and Tunnel: [(5, 2, 1), (2, 1, 1), (1, 12, 1), (12, 11, 1)]
Flow: (5, 12) and Tunnel: [(5, 1, 1), (1, 12, 1)]
Flow: (5, 12) and Tunnel: [(5, 8, 1), (8, 12, 1)]
Flow: (5, 12) and Tunnel: [(5, 1, 1), (1, 11, 1), (11, 12, 1)]
Flow: (5, 12) and Tunnel: [(5, 7, 1), (7, 12, 1)]
Flow: (5, 12) and Tunnel: [(5, 2, 1), (2, 12, 1)]
Flow: (5, 12) and Tunnel: [(5, 1, 1), (1, 2, 1), (2, 12, 1)]
Flow: (5, 12) and Tunnel: [(5, 2, 1), (2, 1, 1), (1, 12, 1)]
Flow: (5, 12) and Tunnel: [(5, 1, 1), (1, 2, 1), (2, 11, 1), (11, 12, 1)]
Flow: (6, 1) and Tunnel: [(6, 1, 1)]
Flow: (6, 1) and Tunnel: [(6, 2, 1), (2, 1, 1)]
Flow: (6, 1) and Tunnel: [(6, 12, 1), (12, 1, 1)]
Flow: (6, 1) and Tunnel: [(6, 2, 1), (2, 12, 1), (12, 1, 1)]
Flow: (6, 1) and Tunnel: [(6, 12, 1), (12, 2, 1), (2, 1, 1)]
Flow: (6, 1) and Tunnel: [(6, 2, 1), (2, 12, 1), (12, 11, 1), (11, 1, 1)]
Flow: (6, 1) and Tunnel: [(6, 12, 1), (12, 2, 1), (2, 11, 1), (11, 1, 1)]
Flow: (6, 1) and Tunnel: [(6, 2, 1), (2, 12, 1), (12, 11, 1), (11, 9, 1), (9, 1, 1)]
Flow: (6, 2) and Tunnel: [(6, 2, 1)]
Flow: (6, 2) and Tunnel: [(6, 1, 1), (1, 2, 1)]
Flow: (6, 2) and Tunnel: [(6, 3, 1), (3, 2, 1)]
Flow: (6, 2) and Tunnel: [(6, 1, 1), (1, 4, 1), (4, 2, 1)]
Flow: (6, 2) and Tunnel: [(6, 3, 1), (3, 4, 1), (4, 2, 1)]
Flow: (6, 2) and Tunnel: [(6, 1, 1), (1, 4, 1), (4, 11, 1), (11, 2, 1)]
Flow: (6, 2) and Tunnel: [(6, 3, 1), (3, 4, 1), (4, 1, 1), (1, 2, 1)]
Flow: (6, 2) and Tunnel: [(6, 1, 1), (1, 4, 1), (4, 11, 1), (11, 9, 1), (9, 2, 1)]
Flow: (6, 3) and Tunnel: [(6, 3, 1)]
Flow: (6, 3) and Tunnel: [(6, 2, 1), (2, 3, 1)]
Flow: (6, 3) and Tunnel: [(6, 1, 1), (1, 11, 1), (11, 3, 1)]
Flow: (6, 3) and Tunnel: [(6, 1, 1), (1, 11, 1), (11, 9, 1), (9, 3, 1)]
Flow: (6, 3) and Tunnel: [(6, 2, 1), (2, 11, 1), (11, 3, 1)]
Flow: (6, 3) and Tunnel: [(6, 1, 1), (1, 11, 1), (11, 9, 1), (9, 4, 1), (4, 3, 1)]
Flow: (6, 3) and Tunnel: [(6, 2, 1), (2, 11, 1), (11, 9, 1), (9, 3, 1)]
Flow: (6, 3) and Tunnel: [(6, 1, 1), (1, 11, 1), (11, 9, 1), (9, 4, 1), (4, 10, 1), (10, 3, 1)]
Flow: (6, 4) and Tunnel: [(6, 4, 1)]
Flow: (6, 4) and Tunnel: [(6, 1, 1), (1, 11, 1), (11, 4, 1)]
Flow: (6, 4) and Tunnel: [(6, 2, 1), (2, 4, 1)]
Flow: (6, 4) and Tunnel: [(6, 1, 1), (1, 4, 1)]
Flow: (6, 4) and Tunnel: [(6, 1, 1), (1, 2, 1), (2, 4, 1)]
Flow: (6, 4) and Tunnel: [(6, 2, 1), (2, 1, 1), (1, 4, 1)]
Flow: (6, 4) and Tunnel: [(6, 1, 1), (1, 2, 1), (2, 11, 1), (11, 4, 1)]
Flow: (6, 4) and Tunnel: [(6, 2, 1), (2, 1, 1), (1, 11, 1), (11, 4, 1)]
Flow: (6, 5) and Tunnel: [(6, 5, 1)]
Flow: (6, 5) and Tunnel: [(6, 1, 1), (1, 5, 1)]
Flow: (6, 5) and Tunnel: [(6, 2, 1), (2, 5, 1)]
Flow: (6, 5) and Tunnel: [(6, 1, 1), (1, 2, 1), (2, 5, 1)]
Flow: (6, 5) and Tunnel: [(6, 2, 1), (2, 1, 1), (1, 5, 1)]
Flow: (6, 5) and Tunnel: [(6, 1, 1), (1, 2, 1), (2, 8, 1), (8, 5, 1)]
Flow: (6, 5) and Tunnel: [(6, 2, 1), (2, 1, 1), (1, 8, 1), (8, 5, 1)]
Flow: (6, 5) and Tunnel: [(6, 1, 1), (1, 2, 1), (2, 8, 1), (8, 7, 1), (7, 5, 1)]
Flow: (6, 7) and Tunnel: [(6, 7, 1)]
Flow: (6, 7) and Tunnel: [(6, 8, 1), (8, 7, 1)]
Flow: (6, 7) and Tunnel: [(6, 1, 1), (1, 12, 1), (12, 7, 1)]
Flow: (6, 7) and Tunnel: [(6, 1, 1), (1, 7, 1)]
Flow: (6, 7) and Tunnel: [(6, 2, 1), (2, 7, 1)]
Flow: (6, 7) and Tunnel: [(6, 1, 1), (1, 2, 1), (2, 7, 1)]
Flow: (6, 7) and Tunnel: [(6, 2, 1), (2, 1, 1), (1, 7, 1)]
Flow: (6, 7) and Tunnel: [(6, 1, 1), (1, 2, 1), (2, 12, 1), (12, 7, 1)]
Flow: (6, 8) and Tunnel: [(6, 8, 1)]
Flow: (6, 8) and Tunnel: [(6, 12, 1), (12, 8, 1)]
Flow: (6, 8) and Tunnel: [(6, 1, 1), (1, 8, 1)]
Flow: (6, 8) and Tunnel: [(6, 2, 1), (2, 8, 1)]
Flow: (6, 8) and Tunnel: [(6, 1, 1), (1, 2, 1), (2, 8, 1)]
Flow: (6, 8) and Tunnel: [(6, 2, 1), (2, 1, 1), (1, 8, 1)]
Flow: (6, 8) and Tunnel: [(6, 1, 1), (1, 2, 1), (2, 12, 1), (12, 8, 1)]
Flow: (6, 8) and Tunnel: [(6, 2, 1), (2, 1, 1), (1, 12, 1), (12, 8, 1)]
Flow: (6, 9) and Tunnel: [(6, 9, 1)]
Flow: (6, 9) and Tunnel: [(6, 1, 1), (1, 9, 1)]
Flow: (6, 9) and Tunnel: [(6, 2, 1), (2, 9, 1)]
Flow: (6, 9) and Tunnel: [(6, 1, 1), (1, 2, 1), (2, 9, 1)]
Flow: (6, 9) and Tunnel: [(6, 2, 1), (2, 1, 1), (1, 9, 1)]
Flow: (6, 9) and Tunnel: [(6, 1, 1), (1, 2, 1), (2, 12, 1), (12, 9, 1)]
Flow: (6, 9) and Tunnel: [(6, 2, 1), (2, 1, 1), (1, 12, 1), (12, 9, 1)]
Flow: (6, 9) and Tunnel: [(6, 1, 1), (1, 2, 1), (2, 12, 1), (12, 11, 1), (11, 9, 1)]
Flow: (6, 10) and Tunnel: [(6, 1, 1), (1, 10, 1)]
Flow: (6, 10) and Tunnel: [(6, 2, 1), (2, 10, 1)]
Flow: (6, 10) and Tunnel: [(6, 12, 1), (12, 10, 1)]
Flow: (6, 10) and Tunnel: [(6, 1, 1), (1, 2, 1), (2, 10, 1)]
Flow: (6, 10) and Tunnel: [(6, 2, 1), (2, 1, 1), (1, 10, 1)]
Flow: (6, 10) and Tunnel: [(6, 1, 1), (1, 2, 1), (2, 12, 1), (12, 10, 1)]
Flow: (6, 10) and Tunnel: [(6, 2, 1), (2, 1, 1), (1, 12, 1), (12, 10, 1)]
Flow: (6, 10) and Tunnel: [(6, 1, 1), (1, 2, 1), (2, 12, 1), (12, 11, 1), (11, 10, 1)]
Flow: (6, 11) and Tunnel: [(6, 1, 1), (1, 11, 1)]
Flow: (6, 11) and Tunnel: [(6, 2, 1), (2, 11, 1)]
Flow: (6, 11) and Tunnel: [(6, 8, 1), (8, 11, 1)]
Flow: (6, 11) and Tunnel: [(6, 1, 1), (1, 2, 1), (2, 11, 1)]
Flow: (6, 11) and Tunnel: [(6, 2, 1), (2, 1, 1), (1, 11, 1)]
Flow: (6, 11) and Tunnel: [(6, 1, 1), (1, 2, 1), (2, 12, 1), (12, 11, 1)]
Flow: (6, 11) and Tunnel: [(6, 2, 1), (2, 1, 1), (1, 12, 1), (12, 11, 1)]
Flow: (6, 11) and Tunnel: [(6, 1, 1), (1, 2, 1), (2, 12, 1), (12, 10, 1), (10, 11, 1)]
Flow: (6, 12) and Tunnel: [(6, 12, 1)]
Flow: (6, 12) and Tunnel: [(6, 1, 1), (1, 12, 1)]
Flow: (6, 12) and Tunnel: [(6, 2, 1), (2, 12, 1)]
Flow: (6, 12) and Tunnel: [(6, 1, 1), (1, 2, 1), (2, 12, 1)]
Flow: (6, 12) and Tunnel: [(6, 2, 1), (2, 1, 1), (1, 12, 1)]
Flow: (6, 12) and Tunnel: [(6, 1, 1), (1, 2, 1), (2, 11, 1), (11, 12, 1)]
Flow: (6, 12) and Tunnel: [(6, 2, 1), (2, 1, 1), (1, 11, 1), (11, 12, 1)]
Flow: (6, 12) and Tunnel: [(6, 1, 1), (1, 2, 1), (2, 11, 1), (11, 9, 1), (9, 12, 1)]
Flow: (7, 1) and Tunnel: [(7, 1, 1)]
Flow: (7, 1) and Tunnel: [(7, 2, 1), (2, 1, 1)]
Flow: (7, 1) and Tunnel: [(7, 4, 1), (4, 1, 1)]
Flow: (7, 1) and Tunnel: [(7, 12, 1), (12, 1, 1)]
Flow: (7, 1) and Tunnel: [(7, 2, 1), (2, 12, 1), (12, 1, 1)]
Flow: (7, 1) and Tunnel: [(7, 12, 1), (12, 2, 1), (2, 1, 1)]
Flow: (7, 1) and Tunnel: [(7, 2, 1), (2, 12, 1), (12, 11, 1), (11, 1, 1)]
Flow: (7, 1) and Tunnel: [(7, 12, 1), (12, 2, 1), (2, 11, 1), (11, 1, 1)]
Flow: (7, 2) and Tunnel: [(7, 2, 1)]
Flow: (7, 2) and Tunnel: [(7, 1, 1), (1, 2, 1)]
Flow: (7, 2) and Tunnel: [(7, 4, 1), (4, 2, 1)]
Flow: (7, 2) and Tunnel: [(7, 3, 1), (3, 2, 1)]
Flow: (7, 2) and Tunnel: [(7, 1, 1), (1, 4, 1), (4, 2, 1)]
Flow: (7, 2) and Tunnel: [(7, 3, 1), (3, 4, 1), (4, 2, 1)]
Flow: (7, 2) and Tunnel: [(7, 1, 1), (1, 4, 1), (4, 11, 1), (11, 2, 1)]
Flow: (7, 2) and Tunnel: [(7, 3, 1), (3, 4, 1), (4, 1, 1), (1, 2, 1)]
Flow: (7, 3) and Tunnel: [(7, 3, 1)]
Flow: (7, 3) and Tunnel: [(7, 2, 1), (2, 3, 1)]
Flow: (7, 3) and Tunnel: [(7, 4, 1), (4, 3, 1)]
Flow: (7, 3) and Tunnel: [(7, 11, 1), (11, 3, 1)]
Flow: (7, 3) and Tunnel: [(7, 1, 1), (1, 11, 1), (11, 3, 1)]
Flow: (7, 3) and Tunnel: [(7, 11, 1), (11, 9, 1), (9, 3, 1)]
Flow: (7, 3) and Tunnel: [(7, 1, 1), (1, 11, 1), (11, 9, 1), (9, 3, 1)]
Flow: (7, 3) and Tunnel: [(7, 11, 1), (11, 9, 1), (9, 4, 1), (4, 3, 1)]
Flow: (7, 4) and Tunnel: [(7, 4, 1)]
Flow: (7, 4) and Tunnel: [(7, 1, 1), (1, 4, 1)]
Flow: (7, 4) and Tunnel: [(7, 2, 1), (2, 4, 1)]
Flow: (7, 4) and Tunnel: [(7, 1, 1), (1, 2, 1), (2, 4, 1)]
Flow: (7, 4) and Tunnel: [(7, 2, 1), (2, 1, 1), (1, 4, 1)]
Flow: (7, 4) and Tunnel: [(7, 1, 1), (1, 2, 1), (2, 11, 1), (11, 4, 1)]
Flow: (7, 4) and Tunnel: [(7, 2, 1), (2, 1, 1), (1, 11, 1), (11, 4, 1)]
Flow: (7, 4) and Tunnel: [(7, 1, 1), (1, 2, 1), (2, 11, 1), (11, 9, 1), (9, 4, 1)]
Flow: (7, 5) and Tunnel: [(7, 5, 1)]
Flow: (7, 5) and Tunnel: [(7, 1, 1), (1, 5, 1)]
Flow: (7, 5) and Tunnel: [(7, 4, 1), (4, 5, 1)]
Flow: (7, 5) and Tunnel: [(7, 2, 1), (2, 5, 1)]
Flow: (7, 5) and Tunnel: [(7, 1, 1), (1, 2, 1), (2, 5, 1)]
Flow: (7, 5) and Tunnel: [(7, 2, 1), (2, 1, 1), (1, 5, 1)]
Flow: (7, 5) and Tunnel: [(7, 1, 1), (1, 2, 1), (2, 8, 1), (8, 5, 1)]
Flow: (7, 5) and Tunnel: [(7, 2, 1), (2, 1, 1), (1, 8, 1), (8, 5, 1)]
Flow: (7, 6) and Tunnel: [(7, 6, 1)]
Flow: (7, 6) and Tunnel: [(7, 4, 1), (4, 6, 1)]
Flow: (7, 6) and Tunnel: [(7, 1, 1), (1, 6, 1)]
Flow: (7, 6) and Tunnel: [(7, 2, 1), (2, 6, 1)]
Flow: (7, 6) and Tunnel: [(7, 1, 1), (1, 2, 1), (2, 6, 1)]
Flow: (7, 6) and Tunnel: [(7, 2, 1), (2, 1, 1), (1, 6, 1)]
Flow: (7, 6) and Tunnel: [(7, 1, 1), (1, 2, 1), (2, 12, 1), (12, 6, 1)]
Flow: (7, 6) and Tunnel: [(7, 2, 1), (2, 1, 1), (1, 12, 1), (12, 6, 1)]
Flow: (7, 8) and Tunnel: [(7, 8, 1)]
Flow: (7, 8) and Tunnel: [(7, 2, 1), (2, 8, 1)]
Flow: (7, 8) and Tunnel: [(7, 1, 1), (1, 8, 1)]
Flow: (7, 8) and Tunnel: [(7, 4, 1), (4, 8, 1)]
Flow: (7, 8) and Tunnel: [(7, 1, 1), (1, 2, 1), (2, 8, 1)]
Flow: (7, 8) and Tunnel: [(7, 2, 1), (2, 1, 1), (1, 8, 1)]
Flow: (7, 8) and Tunnel: [(7, 1, 1), (1, 2, 1), (2, 12, 1), (12, 8, 1)]
Flow: (7, 8) and Tunnel: [(7, 2, 1), (2, 1, 1), (1, 12, 1), (12, 8, 1)]
Flow: (7, 9) and Tunnel: [(7, 9, 1)]
Flow: (7, 9) and Tunnel: [(7, 1, 1), (1, 9, 1)]
Flow: (7, 9) and Tunnel: [(7, 2, 1), (2, 9, 1)]
Flow: (7, 9) and Tunnel: [(7, 1, 1), (1, 2, 1), (2, 9, 1)]
Flow: (7, 9) and Tunnel: [(7, 2, 1), (2, 1, 1), (1, 9, 1)]
Flow: (7, 9) and Tunnel: [(7, 1, 1), (1, 2, 1), (2, 12, 1), (12, 9, 1)]
Flow: (7, 9) and Tunnel: [(7, 2, 1), (2, 1, 1), (1, 12, 1), (12, 9, 1)]
Flow: (7, 9) and Tunnel: [(7, 1, 1), (1, 2, 1), (2, 12, 1), (12, 11, 1), (11, 9, 1)]
Flow: (7, 10) and Tunnel: [(7, 10, 1)]
Flow: (7, 10) and Tunnel: [(7, 1, 1), (1, 10, 1)]
Flow: (7, 10) and Tunnel: [(7, 2, 1), (2, 10, 1)]
Flow: (7, 10) and Tunnel: [(7, 1, 1), (1, 2, 1), (2, 10, 1)]
Flow: (7, 10) and Tunnel: [(7, 2, 1), (2, 1, 1), (1, 10, 1)]
Flow: (7, 10) and Tunnel: [(7, 1, 1), (1, 2, 1), (2, 12, 1), (12, 10, 1)]
Flow: (7, 10) and Tunnel: [(7, 2, 1), (2, 1, 1), (1, 12, 1), (12, 10, 1)]
Flow: (7, 10) and Tunnel: [(7, 1, 1), (1, 2, 1), (2, 12, 1), (12, 11, 1), (11, 10, 1)]
Flow: (7, 11) and Tunnel: [(7, 11, 1)]
Flow: (7, 11) and Tunnel: [(7, 8, 1), (8, 11, 1)]
Flow: (7, 11) and Tunnel: [(7, 1, 1), (1, 11, 1)]
Flow: (7, 11) and Tunnel: [(7, 2, 1), (2, 11, 1)]
Flow: (7, 11) and Tunnel: [(7, 1, 1), (1, 2, 1), (2, 11, 1)]
Flow: (7, 11) and Tunnel: [(7, 2, 1), (2, 1, 1), (1, 11, 1)]
Flow: (7, 11) and Tunnel: [(7, 1, 1), (1, 2, 1), (2, 12, 1), (12, 11, 1)]
Flow: (7, 11) and Tunnel: [(7, 2, 1), (2, 1, 1), (1, 12, 1), (12, 11, 1)]
Flow: (7, 12) and Tunnel: [(7, 12, 1)]
Flow: (7, 12) and Tunnel: [(7, 1, 1), (1, 12, 1)]
Flow: (7, 12) and Tunnel: [(7, 2, 1), (2, 12, 1)]
Flow: (7, 12) and Tunnel: [(7, 1, 1), (1, 2, 1), (2, 12, 1)]
Flow: (7, 12) and Tunnel: [(7, 2, 1), (2, 1, 1), (1, 12, 1)]
Flow: (7, 12) and Tunnel: [(7, 1, 1), (1, 2, 1), (2, 11, 1), (11, 12, 1)]
Flow: (7, 12) and Tunnel: [(7, 2, 1), (2, 1, 1), (1, 11, 1), (11, 12, 1)]
Flow: (7, 12) and Tunnel: [(7, 1, 1), (1, 2, 1), (2, 11, 1), (11, 9, 1), (9, 12, 1)]
Flow: (8, 1) and Tunnel: [(8, 1, 1)]
Flow: (8, 1) and Tunnel: [(8, 2, 1), (2, 1, 1)]
Flow: (8, 1) and Tunnel: [(8, 4, 1), (4, 1, 1)]
Flow: (8, 1) and Tunnel: [(8, 12, 1), (12, 1, 1)]
Flow: (8, 1) and Tunnel: [(8, 2, 1), (2, 12, 1), (12, 1, 1)]
Flow: (8, 1) and Tunnel: [(8, 12, 1), (12, 2, 1), (2, 1, 1)]
Flow: (8, 1) and Tunnel: [(8, 2, 1), (2, 12, 1), (12, 11, 1), (11, 1, 1)]
Flow: (8, 1) and Tunnel: [(8, 12, 1), (12, 2, 1), (2, 11, 1), (11, 1, 1)]
Flow: (8, 2) and Tunnel: [(8, 2, 1)]
Flow: (8, 2) and Tunnel: [(8, 1, 1), (1, 2, 1)]
Flow: (8, 2) and Tunnel: [(8, 4, 1), (4, 2, 1)]
Flow: (8, 2) and Tunnel: [(8, 3, 1), (3, 2, 1)]
Flow: (8, 2) and Tunnel: [(8, 1, 1), (1, 4, 1), (4, 2, 1)]
Flow: (8, 2) and Tunnel: [(8, 3, 1), (3, 4, 1), (4, 2, 1)]
Flow: (8, 2) and Tunnel: [(8, 1, 1), (1, 4, 1), (4, 11, 1), (11, 2, 1)]
Flow: (8, 2) and Tunnel: [(8, 3, 1), (3, 4, 1), (4, 1, 1), (1, 2, 1)]
Flow: (8, 3) and Tunnel: [(8, 3, 1)]
Flow: (8, 3) and Tunnel: [(8, 2, 1), (2, 3, 1)]
Flow: (8, 3) and Tunnel: [(8, 4, 1), (4, 3, 1)]
Flow: (8, 3) and Tunnel: [(8, 11, 1), (11, 3, 1)]
Flow: (8, 3) and Tunnel: [(8, 1, 1), (1, 11, 1), (11, 3, 1)]
Flow: (8, 3) and Tunnel: [(8, 11, 1), (11, 9, 1), (9, 3, 1)]
Flow: (8, 3) and Tunnel: [(8, 1, 1), (1, 11, 1), (11, 9, 1), (9, 3, 1)]
Flow: (8, 3) and Tunnel: [(8, 11, 1), (11, 9, 1), (9, 4, 1), (4, 3, 1)]
Flow: (8, 4) and Tunnel: [(8, 4, 1)]
Flow: (8, 4) and Tunnel: [(8, 1, 1), (1, 4, 1)]
Flow: (8, 4) and Tunnel: [(8, 2, 1), (2, 4, 1)]
Flow: (8, 4) and Tunnel: [(8, 1, 1), (1, 2, 1), (2, 4, 1)]
Flow: (8, 4) and Tunnel: [(8, 2, 1), (2, 1, 1), (1, 4, 1)]
Flow: (8, 4) and Tunnel: [(8, 1, 1), (1, 2, 1), (2, 11, 1), (11, 4, 1)]
Flow: (8, 4) and Tunnel: [(8, 2, 1), (2, 1, 1), (1, 11, 1), (11, 4, 1)]
Flow: (8, 4) and Tunnel: [(8, 1, 1), (1, 2, 1), (2, 11, 1), (11, 9, 1), (9, 4, 1)]
Flow: (8, 5) and Tunnel: [(8, 5, 1)]
Flow: (8, 5) and Tunnel: [(8, 1, 1), (1, 5, 1)]
Flow: (8, 5) and Tunnel: [(8, 4, 1), (4, 5, 1)]
Flow: (8, 5) and Tunnel: [(8, 2, 1), (2, 5, 1)]
Flow: (8, 5) and Tunnel: [(8, 1, 1), (1, 2, 1), (2, 5, 1)]
Flow: (8, 5) and Tunnel: [(8, 2, 1), (2, 1, 1), (1, 5, 1)]
Flow: (8, 5) and Tunnel: [(8, 1, 1), (1, 2, 1), (2, 7, 1), (7, 5, 1)]
Flow: (8, 5) and Tunnel: [(8, 2, 1), (2, 1, 1), (1, 7, 1), (7, 5, 1)]
Flow: (8, 6) and Tunnel: [(8, 6, 1)]
Flow: (8, 6) and Tunnel: [(8, 4, 1), (4, 6, 1)]
Flow: (8, 6) and Tunnel: [(8, 1, 1), (1, 6, 1)]
Flow: (8, 6) and Tunnel: [(8, 2, 1), (2, 6, 1)]
Flow: (8, 6) and Tunnel: [(8, 1, 1), (1, 2, 1), (2, 6, 1)]
Flow: (8, 6) and Tunnel: [(8, 2, 1), (2, 1, 1), (1, 6, 1)]
Flow: (8, 6) and Tunnel: [(8, 1, 1), (1, 2, 1), (2, 12, 1), (12, 6, 1)]
Flow: (8, 6) and Tunnel: [(8, 2, 1), (2, 1, 1), (1, 12, 1), (12, 6, 1)]
Flow: (8, 7) and Tunnel: [(8, 7, 1)]
Flow: (8, 7) and Tunnel: [(8, 2, 1), (2, 7, 1)]
Flow: (8, 7) and Tunnel: [(8, 1, 1), (1, 7, 1)]
Flow: (8, 7) and Tunnel: [(8, 12, 1), (12, 7, 1)]
Flow: (8, 7) and Tunnel: [(8, 1, 1), (1, 2, 1), (2, 7, 1)]
Flow: (8, 7) and Tunnel: [(8, 2, 1), (2, 1, 1), (1, 7, 1)]
Flow: (8, 7) and Tunnel: [(8, 1, 1), (1, 2, 1), (2, 12, 1), (12, 7, 1)]
Flow: (8, 7) and Tunnel: [(8, 2, 1), (2, 1, 1), (1, 12, 1), (12, 7, 1)]
Flow: (8, 9) and Tunnel: [(8, 9, 1)]
Flow: (8, 9) and Tunnel: [(8, 7, 1), (7, 9, 1)]
Flow: (8, 9) and Tunnel: [(8, 11, 1), (11, 9, 1)]
Flow: (8, 9) and Tunnel: [(8, 1, 1), (1, 9, 1)]
Flow: (8, 9) and Tunnel: [(8, 2, 1), (2, 9, 1)]
Flow: (8, 9) and Tunnel: [(8, 1, 1), (1, 2, 1), (2, 9, 1)]
Flow: (8, 9) and Tunnel: [(8, 2, 1), (2, 1, 1), (1, 9, 1)]
Flow: (8, 9) and Tunnel: [(8, 1, 1), (1, 2, 1), (2, 12, 1), (12, 9, 1)]
Flow: (8, 10) and Tunnel: [(8, 10, 1)]
Flow: (8, 10) and Tunnel: [(8, 7, 1), (7, 10, 1)]
Flow: (8, 10) and Tunnel: [(8, 1, 1), (1, 10, 1)]
Flow: (8, 10) and Tunnel: [(8, 2, 1), (2, 10, 1)]
Flow: (8, 10) and Tunnel: [(8, 1, 1), (1, 2, 1), (2, 10, 1)]
Flow: (8, 10) and Tunnel: [(8, 2, 1), (2, 1, 1), (1, 10, 1)]
Flow: (8, 10) and Tunnel: [(8, 1, 1), (1, 2, 1), (2, 12, 1), (12, 10, 1)]
Flow: (8, 10) and Tunnel: [(8, 2, 1), (2, 1, 1), (1, 12, 1), (12, 10, 1)]
Flow: (8, 11) and Tunnel: [(8, 11, 1)]
Flow: (8, 11) and Tunnel: [(8, 1, 1), (1, 11, 1)]
Flow: (8, 11) and Tunnel: [(8, 2, 1), (2, 11, 1)]
Flow: (8, 11) and Tunnel: [(8, 1, 1), (1, 2, 1), (2, 11, 1)]
Flow: (8, 11) and Tunnel: [(8, 2, 1), (2, 1, 1), (1, 11, 1)]
Flow: (8, 11) and Tunnel: [(8, 1, 1), (1, 2, 1), (2, 12, 1), (12, 11, 1)]
Flow: (8, 11) and Tunnel: [(8, 2, 1), (2, 1, 1), (1, 12, 1), (12, 11, 1)]
Flow: (8, 11) and Tunnel: [(8, 1, 1), (1, 2, 1), (2, 12, 1), (12, 10, 1), (10, 11, 1)]
Flow: (8, 12) and Tunnel: [(8, 12, 1)]
Flow: (8, 12) and Tunnel: [(8, 11, 1), (11, 12, 1)]
Flow: (8, 12) and Tunnel: [(8, 7, 1), (7, 12, 1)]
Flow: (8, 12) and Tunnel: [(8, 1, 1), (1, 12, 1)]
Flow: (8, 12) and Tunnel: [(8, 2, 1), (2, 12, 1)]
Flow: (8, 12) and Tunnel: [(8, 1, 1), (1, 2, 1), (2, 12, 1)]
Flow: (8, 12) and Tunnel: [(8, 2, 1), (2, 1, 1), (1, 12, 1)]
Flow: (8, 12) and Tunnel: [(8, 1, 1), (1, 2, 1), (2, 11, 1), (11, 12, 1)]
Flow: (9, 1) and Tunnel: [(9, 1, 1)]
Flow: (9, 1) and Tunnel: [(9, 4, 1), (4, 5, 1), (5, 1, 1)]
Flow: (9, 1) and Tunnel: [(9, 6, 1), (6, 5, 1), (5, 1, 1)]
Flow: (9, 1) and Tunnel: [(9, 11, 1), (11, 1, 1)]
Flow: (9, 1) and Tunnel: [(9, 2, 1), (2, 1, 1)]
Flow: (9, 1) and Tunnel: [(9, 11, 1), (11, 12, 1), (12, 1, 1)]
Flow: (9, 1) and Tunnel: [(9, 2, 1), (2, 12, 1), (12, 1, 1)]
Flow: (9, 1) and Tunnel: [(9, 11, 1), (11, 12, 1), (12, 2, 1), (2, 1, 1)]
Flow: (9, 2) and Tunnel: [(9, 2, 1)]
Flow: (9, 2) and Tunnel: [(9, 1, 1), (1, 2, 1)]
Flow: (9, 2) and Tunnel: [(9, 4, 1), (4, 2, 1)]
Flow: (9, 2) and Tunnel: [(9, 11, 1), (11, 2, 1)]
Flow: (9, 2) and Tunnel: [(9, 11, 1), (11, 12, 1), (12, 2, 1)]
Flow: (9, 2) and Tunnel: [(9, 1, 1), (1, 4, 1), (4, 2, 1)]
Flow: (9, 2) and Tunnel: [(9, 11, 1), (11, 12, 1), (12, 1, 1), (1, 2, 1)]
Flow: (9, 2) and Tunnel: [(9, 1, 1), (1, 4, 1), (4, 11, 1), (11, 2, 1)]
Flow: (9, 3) and Tunnel: [(9, 3, 1)]
Flow: (9, 3) and Tunnel: [(9, 2, 1), (2, 3, 1)]
Flow: (9, 3) and Tunnel: [(9, 11, 1), (11, 3, 1)]
Flow: (9, 3) and Tunnel: [(9, 1, 1), (1, 11, 1), (11, 3, 1)]
Flow: (9, 3) and Tunnel: [(9, 11, 1), (11, 10, 1), (10, 3, 1)]
Flow: (9, 3) and Tunnel: [(9, 1, 1), (1, 11, 1), (11, 10, 1), (10, 3, 1)]
Flow: (9, 3) and Tunnel: [(9, 11, 1), (11, 10, 1), (10, 1, 1), (1, 6, 1), (6, 3, 1)]
Flow: (9, 3) and Tunnel: [(9, 1, 1), (1, 11, 1), (11, 10, 1), (10, 12, 1), (12, 6, 1), (6, 3, 1)]
Flow: (9, 4) and Tunnel: [(9, 4, 1)]
Flow: (9, 4) and Tunnel: [(9, 11, 1), (11, 10, 1), (10, 4, 1)]
Flow: (9, 4) and Tunnel: [(9, 11, 1), (11, 4, 1)]
Flow: (9, 4) and Tunnel: [(9, 1, 1), (1, 4, 1)]
Flow: (9, 4) and Tunnel: [(9, 1, 1), (1, 2, 1), (2, 4, 1)]
Flow: (9, 4) and Tunnel: [(9, 11, 1), (11, 10, 1), (10, 1, 1), (1, 4, 1)]
Flow: (9, 4) and Tunnel: [(9, 1, 1), (1, 2, 1), (2, 11, 1), (11, 4, 1)]
Flow: (9, 4) and Tunnel: [(9, 11, 1), (11, 10, 1), (10, 1, 1), (1, 2, 1), (2, 4, 1)]
Flow: (9, 5) and Tunnel: [(9, 4, 1), (4, 5, 1)]
Flow: (9, 5) and Tunnel: [(9, 6, 1), (6, 5, 1)]
Flow: (9, 5) and Tunnel: [(9, 8, 1), (8, 5, 1)]
Flow: (9, 5) and Tunnel: [(9, 11, 1), (11, 10, 1), (10, 4, 1), (4, 5, 1)]
Flow: (9, 5) and Tunnel: [(9, 11, 1), (11, 2, 1), (2, 5, 1)]
Flow: (9, 5) and Tunnel: [(9, 2, 1), (2, 5, 1)]
Flow: (9, 5) and Tunnel: [(9, 11, 1), (11, 4, 1), (4, 5, 1)]
Flow: (9, 5) and Tunnel: [(9, 4, 1), (4, 1, 1), (1, 5, 1)]
Flow: (9, 6) and Tunnel: [(9, 6, 1)]
Flow: (9, 6) and Tunnel: [(9, 4, 1), (4, 6, 1)]
Flow: (9, 6) and Tunnel: [(9, 3, 1), (3, 6, 1)]
Flow: (9, 6) and Tunnel: [(9, 2, 1), (2, 6, 1)]
Flow: (9, 6) and Tunnel: [(9, 12, 1), (12, 6, 1)]
Flow: (9, 6) and Tunnel: [(9, 12, 1), (12, 1, 1), (1, 6, 1)]
Flow: (9, 6) and Tunnel: [(9, 3, 1), (3, 2, 1), (2, 6, 1)]
Flow: (9, 6) and Tunnel: [(9, 12, 1), (12, 1, 1), (1, 2, 1), (2, 6, 1)]
Flow: (9, 7) and Tunnel: [(9, 7, 1)]
Flow: (9, 7) and Tunnel: [(9, 2, 1), (2, 7, 1)]
Flow: (9, 7) and Tunnel: [(9, 11, 1), (11, 7, 1)]
Flow: (9, 7) and Tunnel: [(9, 1, 1), (1, 7, 1)]
Flow: (9, 7) and Tunnel: [(9, 11, 1), (11, 12, 1), (12, 7, 1)]
Flow: (9, 7) and Tunnel: [(9, 1, 1), (1, 2, 1), (2, 7, 1)]
Flow: (9, 7) and Tunnel: [(9, 11, 1), (11, 12, 1), (12, 1, 1), (1, 7, 1)]
Flow: (9, 7) and Tunnel: [(9, 1, 1), (1, 2, 1), (2, 12, 1), (12, 7, 1)]
Flow: (9, 8) and Tunnel: [(9, 8, 1)]
Flow: (9, 8) and Tunnel: [(9, 11, 1), (11, 3, 1), (3, 8, 1)]
Flow: (9, 8) and Tunnel: [(9, 11, 1), (11, 8, 1)]
Flow: (9, 8) and Tunnel: [(9, 1, 1), (1, 8, 1)]
Flow: (9, 8) and Tunnel: [(9, 11, 1), (11, 12, 1), (12, 8, 1)]
Flow: (9, 8) and Tunnel: [(9, 1, 1), (1, 2, 1), (2, 8, 1)]
Flow: (9, 8) and Tunnel: [(9, 11, 1), (11, 12, 1), (12, 1, 1), (1, 8, 1)]
Flow: (9, 8) and Tunnel: [(9, 1, 1), (1, 2, 1), (2, 12, 1), (12, 8, 1)]
Flow: (9, 10) and Tunnel: [(9, 11, 1), (11, 10, 1)]
Flow: (9, 10) and Tunnel: [(9, 12, 1), (12, 10, 1)]
Flow: (9, 10) and Tunnel: [(9, 1, 1), (1, 10, 1)]
Flow: (9, 10) and Tunnel: [(9, 11, 1), (11, 12, 1), (12, 10, 1)]
Flow: (9, 10) and Tunnel: [(9, 1, 1), (1, 2, 1), (2, 10, 1)]
Flow: (9, 10) and Tunnel: [(9, 11, 1), (11, 12, 1), (12, 1, 1), (1, 10, 1)]
Flow: (9, 10) and Tunnel: [(9, 1, 1), (1, 2, 1), (2, 12, 1), (12, 10, 1)]
Flow: (9, 10) and Tunnel: [(9, 11, 1), (11, 12, 1), (12, 1, 1), (1, 2, 1), (2, 10, 1)]
Flow: (9, 11) and Tunnel: [(9, 11, 1)]
Flow: (9, 11) and Tunnel: [(9, 1, 1), (1, 11, 1)]
Flow: (9, 11) and Tunnel: [(9, 2, 1), (2, 11, 1)]
Flow: (9, 11) and Tunnel: [(9, 1, 1), (1, 2, 1), (2, 11, 1)]
Flow: (9, 11) and Tunnel: [(9, 2, 1), (2, 1, 1), (1, 11, 1)]
Flow: (9, 11) and Tunnel: [(9, 1, 1), (1, 2, 1), (2, 12, 1), (12, 11, 1)]
Flow: (9, 11) and Tunnel: [(9, 2, 1), (2, 1, 1), (1, 12, 1), (12, 11, 1)]
Flow: (9, 11) and Tunnel: [(9, 1, 1), (1, 2, 1), (2, 12, 1), (12, 10, 1), (10, 11, 1)]
Flow: (9, 12) and Tunnel: [(9, 12, 1)]
Flow: (9, 12) and Tunnel: [(9, 11, 1), (11, 12, 1)]
Flow: (9, 12) and Tunnel: [(9, 1, 1), (1, 12, 1)]
Flow: (9, 12) and Tunnel: [(9, 11, 1), (11, 10, 1), (10, 12, 1)]
Flow: (9, 12) and Tunnel: [(9, 1, 1), (1, 2, 1), (2, 12, 1)]
Flow: (9, 12) and Tunnel: [(9, 11, 1), (11, 10, 1), (10, 1, 1), (1, 12, 1)]
Flow: (9, 12) and Tunnel: [(9, 1, 1), (1, 2, 1), (2, 11, 1), (11, 12, 1)]
Flow: (9, 12) and Tunnel: [(9, 11, 1), (11, 10, 1), (10, 1, 1), (1, 2, 1), (2, 12, 1)]
Flow: (10, 1) and Tunnel: [(10, 1, 1)]
Flow: (10, 1) and Tunnel: [(10, 2, 1), (2, 1, 1)]
Flow: (10, 1) and Tunnel: [(10, 4, 1), (4, 1, 1)]
Flow: (10, 1) and Tunnel: [(10, 7, 1), (7, 1, 1)]
Flow: (10, 1) and Tunnel: [(10, 12, 1), (12, 1, 1)]
Flow: (10, 1) and Tunnel: [(10, 2, 1), (2, 12, 1), (12, 1, 1)]
Flow: (10, 1) and Tunnel: [(10, 12, 1), (12, 2, 1), (2, 1, 1)]
Flow: (10, 1) and Tunnel: [(10, 2, 1), (2, 12, 1), (12, 11, 1), (11, 1, 1)]
Flow: (10, 2) and Tunnel: [(10, 2, 1)]
Flow: (10, 2) and Tunnel: [(10, 1, 1), (1, 2, 1)]
Flow: (10, 2) and Tunnel: [(10, 4, 1), (4, 2, 1)]
Flow: (10, 2) and Tunnel: [(10, 7, 1), (7, 2, 1)]
Flow: (10, 2) and Tunnel: [(10, 3, 1), (3, 2, 1)]
Flow: (10, 2) and Tunnel: [(10, 1, 1), (1, 4, 1), (4, 2, 1)]
Flow: (10, 2) and Tunnel: [(10, 3, 1), (3, 4, 1), (4, 2, 1)]
Flow: (10, 2) and Tunnel: [(10, 1, 1), (1, 4, 1), (4, 11, 1), (11, 2, 1)]
Flow: (10, 3) and Tunnel: [(10, 3, 1)]
Flow: (10, 3) and Tunnel: [(10, 2, 1), (2, 3, 1)]
Flow: (10, 3) and Tunnel: [(10, 4, 1), (4, 3, 1)]
Flow: (10, 3) and Tunnel: [(10, 7, 1), (7, 3, 1)]
Flow: (10, 3) and Tunnel: [(10, 1, 1), (1, 9, 1), (9, 3, 1)]
Flow: (10, 3) and Tunnel: [(10, 1, 1), (1, 9, 1), (9, 11, 1), (11, 3, 1)]
Flow: (10, 3) and Tunnel: [(10, 2, 1), (2, 11, 1), (11, 3, 1)]
Flow: (10, 3) and Tunnel: [(10, 1, 1), (1, 9, 1), (9, 11, 1), (11, 12, 1), (12, 6, 1), (6, 3, 1)]
Flow: (10, 4) and Tunnel: [(10, 4, 1)]
Flow: (10, 4) and Tunnel: [(10, 1, 1), (1, 4, 1)]
Flow: (10, 4) and Tunnel: [(10, 7, 1), (7, 4, 1)]
Flow: (10, 4) and Tunnel: [(10, 2, 1), (2, 4, 1)]
Flow: (10, 4) and Tunnel: [(10, 1, 1), (1, 2, 1), (2, 4, 1)]
Flow: (10, 4) and Tunnel: [(10, 2, 1), (2, 1, 1), (1, 4, 1)]
Flow: (10, 4) and Tunnel: [(10, 1, 1), (1, 2, 1), (2, 11, 1), (11, 4, 1)]
Flow: (10, 4) and Tunnel: [(10, 2, 1), (2, 1, 1), (1, 11, 1), (11, 4, 1)]
Flow: (10, 5) and Tunnel: [(10, 1, 1), (1, 5, 1)]
Flow: (10, 5) and Tunnel: [(10, 2, 1), (2, 5, 1)]
Flow: (10, 5) and Tunnel: [(10, 1, 1), (1, 6, 1), (6, 5, 1)]
Flow: (10, 5) and Tunnel: [(10, 4, 1), (4, 5, 1)]
Flow: (10, 5) and Tunnel: [(10, 7, 1), (7, 5, 1)]
Flow: (10, 5) and Tunnel: [(10, 1, 1), (1, 2, 1), (2, 5, 1)]
Flow: (10, 5) and Tunnel: [(10, 2, 1), (2, 1, 1), (1, 5, 1)]
Flow: (10, 5) and Tunnel: [(10, 1, 1), (1, 2, 1), (2, 8, 1), (8, 5, 1)]
Flow: (10, 6) and Tunnel: [(10, 1, 1), (1, 6, 1)]
Flow: (10, 6) and Tunnel: [(10, 2, 1), (2, 6, 1)]
Flow: (10, 6) and Tunnel: [(10, 4, 1), (4, 6, 1)]
Flow: (10, 6) and Tunnel: [(10, 7, 1), (7, 6, 1)]
Flow: (10, 6) and Tunnel: [(10, 1, 1), (1, 2, 1), (2, 6, 1)]
Flow: (10, 6) and Tunnel: [(10, 2, 1), (2, 1, 1), (1, 6, 1)]
Flow: (10, 6) and Tunnel: [(10, 1, 1), (1, 2, 1), (2, 12, 1), (12, 6, 1)]
Flow: (10, 6) and Tunnel: [(10, 2, 1), (2, 1, 1), (1, 12, 1), (12, 6, 1)]
Flow: (10, 7) and Tunnel: [(10, 7, 1)]
Flow: (10, 7) and Tunnel: [(10, 1, 1), (1, 7, 1)]
Flow: (10, 7) and Tunnel: [(10, 2, 1), (2, 7, 1)]
Flow: (10, 7) and Tunnel: [(10, 1, 1), (1, 2, 1), (2, 7, 1)]
Flow: (10, 7) and Tunnel: [(10, 2, 1), (2, 1, 1), (1, 7, 1)]
Flow: (10, 7) and Tunnel: [(10, 1, 1), (1, 2, 1), (2, 12, 1), (12, 7, 1)]
Flow: (10, 7) and Tunnel: [(10, 2, 1), (2, 1, 1), (1, 12, 1), (12, 7, 1)]
Flow: (10, 7) and Tunnel: [(10, 1, 1), (1, 2, 1), (2, 12, 1), (12, 11, 1), (11, 7, 1)]
Flow: (10, 8) and Tunnel: [(10, 8, 1)]
Flow: (10, 8) and Tunnel: [(10, 7, 1), (7, 8, 1)]
Flow: (10, 8) and Tunnel: [(10, 1, 1), (1, 8, 1)]
Flow: (10, 8) and Tunnel: [(10, 2, 1), (2, 8, 1)]
Flow: (10, 8) and Tunnel: [(10, 1, 1), (1, 2, 1), (2, 8, 1)]
Flow: (10, 8) and Tunnel: [(10, 2, 1), (2, 1, 1), (1, 8, 1)]
Flow: (10, 8) and Tunnel: [(10, 1, 1), (1, 2, 1), (2, 12, 1), (12, 8, 1)]
Flow: (10, 8) and Tunnel: [(10, 2, 1), (2, 1, 1), (1, 12, 1), (12, 8, 1)]
Flow: (10, 9) and Tunnel: [(10, 1, 1), (1, 9, 1)]
Flow: (10, 9) and Tunnel: [(10, 2, 1), (2, 9, 1)]
Flow: (10, 9) and Tunnel: [(10, 4, 1), (4, 9, 1)]
Flow: (10, 9) and Tunnel: [(10, 7, 1), (7, 9, 1)]
Flow: (10, 9) and Tunnel: [(10, 1, 1), (1, 6, 1), (6, 9, 1)]
Flow: (10, 9) and Tunnel: [(10, 1, 1), (1, 2, 1), (2, 9, 1)]
Flow: (10, 9) and Tunnel: [(10, 2, 1), (2, 1, 1), (1, 9, 1)]
Flow: (10, 9) and Tunnel: [(10, 1, 1), (1, 2, 1), (2, 12, 1), (12, 9, 1)]
Flow: (10, 11) and Tunnel: [(10, 11, 1)]
Flow: (10, 11) and Tunnel: [(10, 1, 1), (1, 11, 1)]
Flow: (10, 11) and Tunnel: [(10, 2, 1), (2, 11, 1)]
Flow: (10, 11) and Tunnel: [(10, 1, 1), (1, 2, 1), (2, 11, 1)]
Flow: (10, 11) and Tunnel: [(10, 2, 1), (2, 1, 1), (1, 11, 1)]
Flow: (10, 11) and Tunnel: [(10, 1, 1), (1, 2, 1), (2, 12, 1), (12, 11, 1)]
Flow: (10, 11) and Tunnel: [(10, 2, 1), (2, 1, 1), (1, 12, 1), (12, 11, 1)]
Flow: (10, 11) and Tunnel: [(10, 1, 1), (1, 2, 1), (2, 12, 1), (12, 9, 1), (9, 11, 1)]
Flow: (10, 12) and Tunnel: [(10, 12, 1)]
Flow: (10, 12) and Tunnel: [(10, 11, 1), (11, 12, 1)]
Flow: (10, 12) and Tunnel: [(10, 1, 1), (1, 12, 1)]
Flow: (10, 12) and Tunnel: [(10, 2, 1), (2, 12, 1)]
Flow: (10, 12) and Tunnel: [(10, 1, 1), (1, 2, 1), (2, 12, 1)]
Flow: (10, 12) and Tunnel: [(10, 2, 1), (2, 1, 1), (1, 12, 1)]
Flow: (10, 12) and Tunnel: [(10, 1, 1), (1, 2, 1), (2, 11, 1), (11, 12, 1)]
Flow: (10, 12) and Tunnel: [(10, 2, 1), (2, 1, 1), (1, 11, 1), (11, 12, 1)]
Flow: (11, 1) and Tunnel: [(11, 1, 1)]
Flow: (11, 1) and Tunnel: [(11, 9, 1), (9, 6, 1), (6, 5, 1), (5, 1, 1)]
Flow: (11, 1) and Tunnel: [(11, 9, 1), (9, 1, 1)]
Flow: (11, 1) and Tunnel: [(11, 2, 1), (2, 1, 1)]
Flow: (11, 1) and Tunnel: [(11, 9, 1), (9, 12, 1), (12, 1, 1)]
Flow: (11, 1) and Tunnel: [(11, 2, 1), (2, 12, 1), (12, 1, 1)]
Flow: (11, 1) and Tunnel: [(11, 9, 1), (9, 12, 1), (12, 2, 1), (2, 1, 1)]
Flow: (11, 1) and Tunnel: [(11, 2, 1), (2, 12, 1), (12, 10, 1), (10, 1, 1)]
Flow: (11, 2) and Tunnel: [(11, 2, 1)]
Flow: (11, 2) and Tunnel: [(11, 1, 1), (1, 2, 1)]
Flow: (11, 2) and Tunnel: [(11, 4, 1), (4, 2, 1)]
Flow: (11, 2) and Tunnel: [(11, 9, 1), (9, 3, 1), (3, 2, 1)]
Flow: (11, 2) and Tunnel: [(11, 9, 1), (9, 2, 1)]
Flow: (11, 2) and Tunnel: [(11, 9, 1), (9, 12, 1), (12, 2, 1)]
Flow: (11, 2) and Tunnel: [(11, 1, 1), (1, 4, 1), (4, 2, 1)]
Flow: (11, 2) and Tunnel: [(11, 9, 1), (9, 12, 1), (12, 1, 1), (1, 2, 1)]
Flow: (11, 3) and Tunnel: [(11, 3, 1)]
Flow: (11, 3) and Tunnel: [(11, 4, 1), (4, 3, 1)]
Flow: (11, 3) and Tunnel: [(11, 9, 1), (9, 3, 1)]
Flow: (11, 3) and Tunnel: [(11, 1, 1), (1, 9, 1), (9, 3, 1)]
Flow: (11, 3) and Tunnel: [(11, 9, 1), (9, 4, 1), (4, 3, 1)]
Flow: (11, 3) and Tunnel: [(11, 1, 1), (1, 9, 1), (9, 4, 1), (4, 3, 1)]
Flow: (11, 3) and Tunnel: [(11, 9, 1), (9, 4, 1), (4, 10, 1), (10, 3, 1)]
Flow: (11, 3) and Tunnel: [(11, 1, 1), (1, 9, 1), (9, 4, 1), (4, 10, 1), (10, 3, 1)]
Flow: (11, 4) and Tunnel: [(11, 4, 1)]
Flow: (11, 4) and Tunnel: [(11, 9, 1), (9, 6, 1), (6, 4, 1)]
Flow: (11, 4) and Tunnel: [(11, 9, 1), (9, 3, 1), (3, 4, 1)]
Flow: (11, 4) and Tunnel: [(11, 9, 1), (9, 4, 1)]
Flow: (11, 4) and Tunnel: [(11, 1, 1), (1, 4, 1)]
Flow: (11, 4) and Tunnel: [(11, 1, 1), (1, 2, 1), (2, 4, 1)]
Flow: (11, 4) and Tunnel: [(11, 9, 1), (9, 3, 1), (3, 2, 1), (2, 4, 1)]
Flow: (11, 4) and Tunnel: [(11, 1, 1), (1, 2, 1), (2, 10, 1), (10, 4, 1)]
Flow: (11, 5) and Tunnel: [(11, 9, 1), (9, 6, 1), (6, 5, 1)]
Flow: (11, 5) and Tunnel: [(11, 4, 1), (4, 5, 1)]
Flow: (11, 5) and Tunnel: [(11, 9, 1), (9, 1, 1), (1, 5, 1)]
Flow: (11, 5) and Tunnel: [(11, 9, 1), (9, 2, 1), (2, 5, 1)]
Flow: (11, 5) and Tunnel: [(11, 9, 1), (9, 8, 1), (8, 5, 1)]
Flow: (11, 5) and Tunnel: [(11, 1, 1), (1, 5, 1)]
Flow: (11, 5) and Tunnel: [(11, 9, 1), (9, 6, 1), (6, 1, 1), (1, 5, 1)]
Flow: (11, 5) and Tunnel: [(11, 1, 1), (1, 2, 1), (2, 5, 1)]
Flow: (11, 6) and Tunnel: [(11, 9, 1), (9, 6, 1)]
Flow: (11, 6) and Tunnel: [(11, 9, 1), (9, 3, 1), (3, 6, 1)]
Flow: (11, 6) and Tunnel: [(11, 1, 1), (1, 6, 1)]
Flow: (11, 6) and Tunnel: [(11, 9, 1), (9, 12, 1), (12, 6, 1)]
Flow: (11, 6) and Tunnel: [(11, 1, 1), (1, 2, 1), (2, 6, 1)]
Flow: (11, 6) and Tunnel: [(11, 9, 1), (9, 12, 1), (12, 1, 1), (1, 6, 1)]
Flow: (11, 6) and Tunnel: [(11, 1, 1), (1, 2, 1), (2, 12, 1), (12, 6, 1)]
Flow: (11, 6) and Tunnel: [(11, 9, 1), (9, 12, 1), (12, 1, 1), (1, 2, 1), (2, 6, 1)]
Flow: (11, 7) and Tunnel: [(11, 7, 1)]
Flow: (11, 7) and Tunnel: [(11, 9, 1), (9, 3, 1), (3, 7, 1)]
Flow: (11, 7) and Tunnel: [(11, 9, 1), (9, 7, 1)]
Flow: (11, 7) and Tunnel: [(11, 1, 1), (1, 7, 1)]
Flow: (11, 7) and Tunnel: [(11, 9, 1), (9, 12, 1), (12, 7, 1)]
Flow: (11, 7) and Tunnel: [(11, 1, 1), (1, 2, 1), (2, 7, 1)]
Flow: (11, 7) and Tunnel: [(11, 9, 1), (9, 12, 1), (12, 1, 1), (1, 7, 1)]
Flow: (11, 7) and Tunnel: [(11, 1, 1), (1, 2, 1), (2, 12, 1), (12, 7, 1)]
Flow: (11, 8) and Tunnel: [(11, 8, 1)]
Flow: (11, 8) and Tunnel: [(11, 9, 1), (9, 6, 1), (6, 8, 1)]
Flow: (11, 8) and Tunnel: [(11, 9, 1), (9, 8, 1)]
Flow: (11, 8) and Tunnel: [(11, 1, 1), (1, 8, 1)]
Flow: (11, 8) and Tunnel: [(11, 9, 1), (9, 12, 1), (12, 8, 1)]
Flow: (11, 8) and Tunnel: [(11, 1, 1), (1, 2, 1), (2, 8, 1)]
Flow: (11, 8) and Tunnel: [(11, 9, 1), (9, 12, 1), (12, 1, 1), (1, 8, 1)]
Flow: (11, 8) and Tunnel: [(11, 1, 1), (1, 2, 1), (2, 12, 1), (12, 8, 1)]
Flow: (11, 9) and Tunnel: [(11, 9, 1)]
Flow: (11, 9) and Tunnel: [(11, 1, 1), (1, 9, 1)]
Flow: (11, 9) and Tunnel: [(11, 2, 1), (2, 9, 1)]
Flow: (11, 9) and Tunnel: [(11, 1, 1), (1, 2, 1), (2, 9, 1)]
Flow: (11, 9) and Tunnel: [(11, 2, 1), (2, 1, 1), (1, 9, 1)]
Flow: (11, 9) and Tunnel: [(11, 1, 1), (1, 2, 1), (2, 12, 1), (12, 9, 1)]
Flow: (11, 9) and Tunnel: [(11, 2, 1), (2, 1, 1), (1, 12, 1), (12, 9, 1)]
Flow: (11, 9) and Tunnel: [(11, 1, 1), (1, 2, 1), (2, 12, 1), (12, 8, 1), (8, 9, 1)]
Flow: (11, 10) and Tunnel: [(11, 10, 1)]
Flow: (11, 10) and Tunnel: [(11, 12, 1), (12, 10, 1)]
Flow: (11, 10) and Tunnel: [(11, 3, 1), (3, 10, 1)]
Flow: (11, 10) and Tunnel: [(11, 12, 1), (12, 1, 1), (1, 10, 1)]
Flow: (11, 10) and Tunnel: [(11, 3, 1), (3, 2, 1), (2, 10, 1)]
Flow: (11, 10) and Tunnel: [(11, 12, 1), (12, 1, 1), (1, 2, 1), (2, 10, 1)]
Flow: (11, 10) and Tunnel: [(11, 3, 1), (3, 2, 1), (2, 1, 1), (1, 10, 1)]
Flow: (11, 10) and Tunnel: [(11, 12, 1), (12, 1, 1), (1, 2, 1), (2, 8, 1), (8, 10, 1)]
Flow: (11, 12) and Tunnel: [(11, 12, 1)]
Flow: (11, 12) and Tunnel: [(11, 9, 1), (9, 12, 1)]
Flow: (11, 12) and Tunnel: [(11, 1, 1), (1, 12, 1)]
Flow: (11, 12) and Tunnel: [(11, 9, 1), (9, 8, 1), (8, 12, 1)]
Flow: (11, 12) and Tunnel: [(11, 1, 1), (1, 2, 1), (2, 12, 1)]
Flow: (11, 12) and Tunnel: [(11, 9, 1), (9, 8, 1), (8, 1, 1), (1, 12, 1)]
Flow: (11, 12) and Tunnel: [(11, 1, 1), (1, 2, 1), (2, 10, 1), (10, 12, 1)]
Flow: (11, 12) and Tunnel: [(11, 9, 1), (9, 8, 1), (8, 1, 1), (1, 2, 1), (2, 12, 1)]
Flow: (12, 1) and Tunnel: [(12, 1, 1)]
Flow: (12, 1) and Tunnel: [(12, 2, 1), (2, 1, 1)]
Flow: (12, 1) and Tunnel: [(12, 6, 1), (6, 1, 1)]
Flow: (12, 1) and Tunnel: [(12, 2, 1), (2, 11, 1), (11, 1, 1)]
Flow: (12, 1) and Tunnel: [(12, 6, 1), (6, 2, 1), (2, 1, 1)]
Flow: (12, 1) and Tunnel: [(12, 2, 1), (2, 11, 1), (11, 9, 1), (9, 1, 1)]
Flow: (12, 1) and Tunnel: [(12, 6, 1), (6, 2, 1), (2, 11, 1), (11, 1, 1)]
Flow: (12, 1) and Tunnel: [(12, 2, 1), (2, 11, 1), (11, 9, 1), (9, 4, 1), (4, 1, 1)]
Flow: (12, 2) and Tunnel: [(12, 2, 1)]
Flow: (12, 2) and Tunnel: [(12, 1, 1), (1, 2, 1)]
Flow: (12, 2) and Tunnel: [(12, 6, 1), (6, 4, 1), (4, 2, 1)]
Flow: (12, 2) and Tunnel: [(12, 6, 1), (6, 2, 1)]
Flow: (12, 2) and Tunnel: [(12, 1, 1), (1, 4, 1), (4, 2, 1)]
Flow: (12, 2) and Tunnel: [(12, 6, 1), (6, 1, 1), (1, 2, 1)]
Flow: (12, 2) and Tunnel: [(12, 1, 1), (1, 4, 1), (4, 11, 1), (11, 2, 1)]
Flow: (12, 2) and Tunnel: [(12, 6, 1), (6, 1, 1), (1, 4, 1), (4, 2, 1)]
Flow: (12, 3) and Tunnel: [(12, 11, 1), (11, 3, 1)]
Flow: (12, 3) and Tunnel: [(12, 2, 1), (2, 3, 1)]
Flow: (12, 3) and Tunnel: [(12, 1, 1), (1, 6, 1), (6, 3, 1)]
Flow: (12, 3) and Tunnel: [(12, 6, 1), (6, 3, 1)]
Flow: (12, 3) and Tunnel: [(12, 1, 1), (1, 7, 1), (7, 3, 1)]
Flow: (12, 3) and Tunnel: [(12, 10, 1), (10, 3, 1)]
Flow: (12, 3) and Tunnel: [(12, 11, 1), (11, 9, 1), (9, 3, 1)]
Flow: (12, 3) and Tunnel: [(12, 10, 1), (10, 1, 1), (1, 9, 1), (9, 3, 1)]
Flow: (12, 4) and Tunnel: [(12, 1, 1), (1, 4, 1)]
Flow: (12, 4) and Tunnel: [(12, 2, 1), (2, 4, 1)]
Flow: (12, 4) and Tunnel: [(12, 11, 1), (11, 4, 1)]
Flow: (12, 4) and Tunnel: [(12, 6, 1), (6, 4, 1)]
Flow: (12, 4) and Tunnel: [(12, 1, 1), (1, 2, 1), (2, 4, 1)]
Flow: (12, 4) and Tunnel: [(12, 2, 1), (2, 1, 1), (1, 4, 1)]
Flow: (12, 4) and Tunnel: [(12, 1, 1), (1, 2, 1), (2, 11, 1), (11, 4, 1)]
Flow: (12, 4) and Tunnel: [(12, 2, 1), (2, 1, 1), (1, 11, 1), (11, 4, 1)]
Flow: (12, 5) and Tunnel: [(12, 1, 1), (1, 5, 1)]
Flow: (12, 5) and Tunnel: [(12, 2, 1), (2, 5, 1)]
Flow: (12, 5) and Tunnel: [(12, 1, 1), (1, 4, 1), (4, 5, 1)]
Flow: (12, 5) and Tunnel: [(12, 6, 1), (6, 4, 1), (4, 5, 1)]
Flow: (12, 5) and Tunnel: [(12, 6, 1), (6, 5, 1)]
Flow: (12, 5) and Tunnel: [(12, 1, 1), (1, 2, 1), (2, 5, 1)]
Flow: (12, 5) and Tunnel: [(12, 2, 1), (2, 1, 1), (1, 5, 1)]
Flow: (12, 5) and Tunnel: [(12, 1, 1), (1, 2, 1), (2, 8, 1), (8, 5, 1)]
Flow: (12, 6) and Tunnel: [(12, 6, 1)]
Flow: (12, 6) and Tunnel: [(12, 1, 1), (1, 6, 1)]
Flow: (12, 6) and Tunnel: [(12, 2, 1), (2, 6, 1)]
Flow: (12, 6) and Tunnel: [(12, 1, 1), (1, 2, 1), (2, 6, 1)]
Flow: (12, 6) and Tunnel: [(12, 2, 1), (2, 1, 1), (1, 6, 1)]
Flow: (12, 6) and Tunnel: [(12, 1, 1), (1, 2, 1), (2, 9, 1), (9, 6, 1)]
Flow: (12, 6) and Tunnel: [(12, 2, 1), (2, 1, 1), (1, 11, 1), (11, 3, 1), (3, 6, 1)]
Flow: (12, 6) and Tunnel: [(12, 1, 1), (1, 2, 1), (2, 9, 1), (9, 3, 1), (3, 6, 1)]
Flow: (12, 7) and Tunnel: [(12, 7, 1)]
Flow: (12, 7) and Tunnel: [(12, 1, 1), (1, 7, 1)]
Flow: (12, 7) and Tunnel: [(12, 2, 1), (2, 7, 1)]
Flow: (12, 7) and Tunnel: [(12, 1, 1), (1, 2, 1), (2, 7, 1)]
Flow: (12, 7) and Tunnel: [(12, 2, 1), (2, 1, 1), (1, 7, 1)]
Flow: (12, 7) and Tunnel: [(12, 1, 1), (1, 2, 1), (2, 11, 1), (11, 7, 1)]
Flow: (12, 7) and Tunnel: [(12, 2, 1), (2, 1, 1), (1, 11, 1), (11, 7, 1)]
Flow: (12, 7) and Tunnel: [(12, 1, 1), (1, 2, 1), (2, 11, 1), (11, 9, 1), (9, 7, 1)]
Flow: (12, 8) and Tunnel: [(12, 8, 1)]
Flow: (12, 8) and Tunnel: [(12, 6, 1), (6, 8, 1)]
Flow: (12, 8) and Tunnel: [(12, 1, 1), (1, 8, 1)]
Flow: (12, 8) and Tunnel: [(12, 2, 1), (2, 8, 1)]
Flow: (12, 8) and Tunnel: [(12, 1, 1), (1, 2, 1), (2, 8, 1)]
Flow: (12, 8) and Tunnel: [(12, 2, 1), (2, 1, 1), (1, 8, 1)]
Flow: (12, 8) and Tunnel: [(12, 1, 1), (1, 2, 1), (2, 11, 1), (11, 8, 1)]
Flow: (12, 8) and Tunnel: [(12, 2, 1), (2, 1, 1), (1, 11, 1), (11, 8, 1)]
Flow: (12, 9) and Tunnel: [(12, 9, 1)]
Flow: (12, 9) and Tunnel: [(12, 6, 1), (6, 9, 1)]
Flow: (12, 9) and Tunnel: [(12, 11, 1), (11, 9, 1)]
Flow: (12, 9) and Tunnel: [(12, 1, 1), (1, 9, 1)]
Flow: (12, 9) and Tunnel: [(12, 2, 1), (2, 9, 1)]
Flow: (12, 9) and Tunnel: [(12, 1, 1), (1, 2, 1), (2, 9, 1)]
Flow: (12, 9) and Tunnel: [(12, 2, 1), (2, 1, 1), (1, 9, 1)]
Flow: (12, 9) and Tunnel: [(12, 1, 1), (1, 2, 1), (2, 11, 1), (11, 9, 1)]
Flow: (12, 10) and Tunnel: [(12, 10, 1)]
Flow: (12, 10) and Tunnel: [(12, 11, 1), (11, 10, 1)]
Flow: (12, 10) and Tunnel: [(12, 1, 1), (1, 10, 1)]
Flow: (12, 10) and Tunnel: [(12, 2, 1), (2, 10, 1)]
Flow: (12, 10) and Tunnel: [(12, 1, 1), (1, 2, 1), (2, 10, 1)]
Flow: (12, 10) and Tunnel: [(12, 2, 1), (2, 1, 1), (1, 10, 1)]
Flow: (12, 10) and Tunnel: [(12, 1, 1), (1, 2, 1), (2, 11, 1), (11, 10, 1)]
Flow: (12, 10) and Tunnel: [(12, 2, 1), (2, 1, 1), (1, 11, 1), (11, 10, 1)]
Flow: (12, 11) and Tunnel: [(12, 11, 1)]
Flow: (12, 11) and Tunnel: [(12, 1, 1), (1, 11, 1)]
Flow: (12, 11) and Tunnel: [(12, 2, 1), (2, 11, 1)]
Flow: (12, 11) and Tunnel: [(12, 1, 1), (1, 2, 1), (2, 11, 1)]
Flow: (12, 11) and Tunnel: [(12, 2, 1), (2, 1, 1), (1, 11, 1)]
Flow: (12, 11) and Tunnel: [(12, 1, 1), (1, 2, 1), (2, 10, 1), (10, 11, 1)]
Flow: (12, 11) and Tunnel: [(12, 2, 1), (2, 1, 1), (1, 10, 1), (10, 11, 1)]
Flow: (12, 11) and Tunnel: [(12, 1, 1), (1, 2, 1), (2, 10, 1), (10, 8, 1), (8, 11, 1)]
